1.649703704350066546e+05 4.075271671640674322e+04
1.451149707130154129e+05 6.276094594629106723e+04
1.555742519797215646e+05 1.264753743899464898e+05
7.642974736954450782e+04 9.625589678025549802e+04
1.109116980738020939e+05 1.352347406794640665e+04
4.079766868619331945e+04 1.747927968391185568e+05
4.851557784095876559e+04 1.469891192146491958e+05
1.008308258259169088e+05 7.310353720632287150e+04
1.683330482564471895e+05 1.588853355955215811e+05
2.411589997885377306e+04 1.723339849486678213e+04
1.586320894889435731e+05 1.234690070607162343e+05
1.835755225303230109e+05 6.433478465223321109e+04
9.081500892797451525e+04 1.579435209211917245e+05
1.162992871555994789e+05 1.763289652177438256e+05
8.869507706949986459e+04 6.617030178660005913e+04
9.220197198396717431e+04 3.699328000812642858e+04
5.810115439718950074e+04 1.824183358650921436e+05
4.020733528755929001e+04 3.054070663294010592e+04
3.890708497522370453e+04 1.920305420616193078e+04
3.838686425848636190e+03 4.492922179316254187e+04
1.417840576922098699e+05 1.817117705563492491e+05
6.670241812053385365e+04 7.241371602477469423e+04
9.543000168731168378e+04 1.081426385110850788e+04
1.925582011853067088e+05 1.592104822261069494e+05
1.872558982003167330e+05 1.992275820423762489e+05
1.245234555965741456e+05 6.947651277189698885e+04
1.185997009182470356e+05 1.420145130357697199e+05
1.291471776188829972e+05 3.090889260491003370e+04
1.878785195811600715e+05 8.174816396417828219e+04
1.474214483207642916e+05 6.578333267947283457e+04
1.568157155096864153e+05 1.237631456894836629e+04
1.692759287067567057e+05 9.757757416650955565e+04
4.615182374451815849e+04 1.131575201529230253e+05
1.339882710183753807e+05 1.239943908665076742e+05
2.443053693450203355e+04 4.959685562318982556e+04
1.825344499636679539e+05 1.078526330229813320e+05
9.855692304156729369e+04 1.737204521770478168e+05
2.039562096327025574e+04 1.704321926912539930e+05
1.409248413764496763e+04 4.173428361225239496e+04
1.065297948804673215e+05 1.758582515685468679e+05
1.650975849578070338e+05 2.373651263811229364e+04
1.719436315036920423e+05 4.212836618057078886e+04
3.450730902721099937e+03 1.223926523391357186e+05
1.691386762690820033e+05 2.703651704506666647e+04
1.059067526877282216e+05 1.011362056277668016e+05
1.032026031224740436e+05 1.793587608363420586e+05
8.413421519572130637e+04 6.531136155365712739e+02
3.898736627565975505e+04 1.491752367405986879e+05
1.942823652385003516e+05 8.714516211652831407e+04
1.350370105800845195e+05 1.556555415398467449e+05
1.083383491794915608e+05 5.409795762361475499e+04
4.498312795149277372e+04 8.276543456492284895e+04
1.527457659987765073e+05 4.026525592032730492e+04
3.143151661752954169e+04 2.947400985701091849e+04
7.025306688819277042e+04 3.566881682451672532e+04
5.725625291644489334e+04 1.077042498177641392e+05
1.587911356074736104e+05 7.032048735268217570e+04
8.759684393969915982e+04 1.863285721083125973e+05
1.621217276692323212e+05 5.406881159734102403e+04
1.670881849725933280e+05 1.461947243200579251e+05
1.918703771637690952e+05 1.045699436898896092e+05
4.651103029017893277e+04 1.338840007601600373e+05
1.716492913308744028e+05 1.168241973718789523e+05
8.251956580359354120e+03 1.951213648538973939e+05
1.991187073160838627e+05 4.652847163021612005e+02
1.403724391941186041e+05 1.520531514526118699e+05
2.678298118548137063e+04 1.345913993714337703e+05
3.603327560321844794e+04 1.535165196844283200e+05
2.763018085127597442e+04 1.121157201936775964e+05
1.227706887610721751e+05 1.596904327175728395e+05
1.992546048350065248e+05 2.431753631580988440e+04
8.174156688782708079e+04 7.909911946166155394e+04
2.164675388187593489e+04 4.222542797622463695e+03
8.297173789241512713e+04 6.837715689867138281e+04
1.884475458712326945e+05 1.474381603286152240e+05
6.312133643133943406e+04 1.518261861307233921e+05
3.278308048316924669e+03 1.499797875783078198e+05
3.014764905481028836e+04 1.063046688461967860e+05
1.826142649544923333e+05 3.014925899690838924e+04
5.969817954286755412e+04 1.773377458145603014e+05
6.351585357967566233e+04 8.056216187379039184e+03
1.233046038260649657e+05 2.352078499133254445e+04
3.078508805856603431e+04 1.308718276457939064e+05
1.376500060937772214e+05 8.703521984278468881e+04
1.450584932338414947e+05 1.292104847898010339e+05
1.578907160426386981e+05 7.931532964015082689e+04
2.500215618227816958e+04 1.011715964200186136e+04
2.306410020940652248e+04 1.299068196699689724e+05
4.244845243459154153e+04 8.479822430364281172e+04
1.622510107654327294e+05 7.112840557058541890e+03
1.543402638106436643e+05 1.728963581224247537e+04
9.001110145538153301e+04 6.613316717046944541e+04
8.770222794434364187e+04 6.730444179031014755e+02
2.334204086184707921e+04 4.904181360750059866e+03
1.682113615128072561e+05 3.432896794397925987e+04
1.641299147168948548e+04 2.739497548294269654e+04
1.668932845710137044e+05 1.073432251366676501e+05
1.788971530694332323e+05 1.891437074162273784e+05
9.754393129109700385e+04 1.680548997421485255e+05
2.577823674508854674e+04 8.639207357661247079e+04
