1.505556558143705479e+05 3.062961626131159937e+04
1.238759795574826421e+04 1.826269941621761245e+05
1.683892627260043519e+05 1.392336682285644056e+05
1.973354637155971141e+05 6.757459087948202978e+03
1.502652961555293587e+05 7.811296618785832834e+04
1.308971994362102560e+05 4.908663359230160859e+04
9.069262699903732573e+04 7.905640971631935099e+04
8.968304683287844819e+04 1.890910040919868625e+05
7.926195529892736522e+04 5.787445319208539331e+03
5.004513044186989282e+04 4.398916631634985970e+04
1.164941607761706255e+05 1.201730452494085766e+05
2.792593915503549579e+04 7.105694467555932351e+04
1.901183817539444426e+05 1.941462783595782093e+04
3.905751153115304623e+04 1.391333150779954740e+05
5.244112834470024973e+04 1.567084963331151521e+05
1.664394891598997347e+05 1.848881541667828278e+05
1.019653098503059446e+05 4.015742333409588900e+04
7.773592427660481189e+04 9.683721524843703082e+04
9.224137835598718084e+04 3.471339223244835739e+04
1.004580125100480072e+05 1.836336451732984860e+05
6.512018648849382771e+03 1.818129181216584984e+05
1.334723577775516314e+05 1.379352223287707311e+05
5.276625710080034332e+04 3.443131706519020554e+03
2.934220735676506956e+04 3.598407504900962522e+04
6.780379173641526722e+04 1.664662545318476332e+05
1.253993687361557386e+05 3.281802022644091630e+04
8.863959392873258912e+04 1.960871852380774508e+05
1.121125434239079914e+05 1.190319312542258849e+05
1.074715487127846573e+05 1.543705512895372813e+05
1.708743107515533047e+05 1.610230623042018560e+05
1.606593512477510012e+04 7.958760364848704739e+03
1.831452659066557244e+05 4.024481397290813220e+03
6.875054188657968189e+04 5.414971403049377841e+04
7.232693037953462044e+04 1.625732666557890479e+05
1.658757852147697995e+05 7.537659479346861190e+04
1.093456864965982822e+05 5.312809380189529475e+04
1.286032733126469539e+05 2.111165973112405482e+03
1.776864409973598958e+05 1.798802708043828607e+05
1.753640559255187691e+05 1.550632024796620244e+05
1.550454815106650931e+05 6.119933069233370043e+04
4.324260721897488111e+04 7.637797858620487386e+04
1.384285687895269948e+05 1.161393255228355702e+05
1.072559193766537937e+05 7.727827358060097322e+04
9.162558519064891152e+04 1.227473677898297465e+05
1.497145866381271335e+05 1.906759740429971134e+05
1.519117190507402411e+05 1.753563495042132272e+05
8.850364323776225501e+04 2.434825393450421689e+04
1.296948701818476256e+05 5.712760002676946169e+04
6.471904350333292678e+04 1.193070916027864732e+05
8.308856829615695460e+04 7.489797129667656554e+04
4.343032809679181810e+04 7.936453420454355364e+04
4.318873051096725248e+04 3.345400161246876087e+04
1.723739971181240398e+05 4.440823204800874373e+04
6.677091260158381192e+04 7.612484877864143346e+04
6.172569405191208352e+04 1.112476405910245812e+05
1.316917472162429767e+05 7.071497916878244723e+03
5.141700918708396057e+04 1.379455887386817485e+05
4.562819812721552444e+04 7.145201052662226721e+04
4.416188324617411854e+04 4.122939128114719642e+04
8.127832314339735603e+04 6.618907065723469714e+04
5.437096587069838279e+04 1.638346865123055468e+05
4.597875035340151226e+04 1.857622967083880503e+05
1.086642941025307082e+05 1.176180566651447589e+05
7.532632592142088106e+04 4.310015099654389633e+04
1.839731717194483208e+05 4.389345936168149638e+04
1.276804867075784568e+05 1.978658796492913971e+05
1.220799548155940429e+05 1.732616736966417229e+05
6.192023500295662416e+03 1.963489874012707151e+04
2.148058087968196560e+04 1.827756990830841532e+05
4.768968279649363831e+04 1.936100832227526989e+05
7.910270442982456007e+04 1.288950010287276382e+05
2.695365985094257849e+04 1.035646905628746572e+04
4.068434361646577599e+04 9.060358329347553081e+04
1.534038243207361375e+05 1.034582161011006247e+05
1.341775537076619221e+05 1.033755292886215029e+05
1.045006171343872265e+05 9.813134975480653520e+04
1.064668515997785289e+05 4.032013848349189357e+04
1.735553694185918357e+04 1.585497345738413605e+04
1.362536954785944545e+05 1.098251234516577533e+05
4.164915914343727491e+04 1.880608295992642888e+04
1.830582803370504407e+05 1.637019227770142606e+05
1.434684246817836247e+05 5.829458003342180746e+03
4.551909476004145836e+04 4.844692949696640426e+04
1.845123704584605002e+05 1.348934325326619146e+05
1.648272350786388852e+05 5.517737435944269964e+04
3.563162886844843888e+04 7.720702896601802786e+04
6.194343166244553868e+04 1.911619897298606520e+05
1.621099063217708026e+05 1.312166468899032043e+05
4.649687544042611262e+04 6.470689062140491296e+04
7.266123864942959335e+04 1.688376717006060353e+05
1.365352736833604868e+05 1.970769923752361792e+05
1.877414843812496401e+05 1.603175220148849476e+05
1.632860873925785563e+04 8.448187022696979693e+04
1.495787027676617145e+05 1.446420989884635492e+05
7.960080732248940330e+04 1.509881122624411364e+05
5.797316423060649686e+04 1.568108342422696587e+05
7.404803814324981067e+04 8.507803938483400270e+04
6.055271828553754312e+04 1.981284378342378477e+04
1.866442794014088286e+05 1.015452896341349988e+05
2.807964042102988242e+04 7.873693492110515945e+04
1.920553155359207885e+05 1.505164940935139311e+05
4.819053264011756983e+04 1.357609409618716381e+04
1.127801012682716464e+04 4.141660664069537597e+04
2.533550670008752786e+04 1.590149610522634175e+05
1.947760046540818439e+04 4.106516591977984353e+04
9.221177812592580449e+04 1.078133032708623796e+05
1.667215169649773161e+05 7.753198892949819856e+04
1.949473163028057606e+05 7.465841647599569114e+04
1.903600863962328876e+05 8.687590366903689574e+04
9.542192414595819719e+04 1.760787571017814480e+04
1.016881739870228776e+05 1.818954397992503655e+05
6.735191054518341844e+04 8.844770231066698034e+04
1.738180898780966236e+05 4.534908281168022222e+04
2.792819884193799953e+04 2.568907970955300698e+04
4.572694466989646571e+03 1.560735643891966902e+05
4.889060137266290258e+04 7.575929841996185132e+04
1.421532558837483521e+05 1.414251464517724526e+05
1.444264837291421718e+05 6.024231461541558383e+04
7.875437887726092595e+04 1.649539057306584727e+05
2.238787099465711071e+04 1.532176370907745440e+05
1.027841700200347550e+05 1.462217987414809177e+05
1.881037211054219806e+05 4.153598039803043503e+04
1.194129155044466315e+05 6.450126612182443205e+04
4.563493427585423342e+04 9.897208583854498283e+04
1.384647416804776294e+05 1.669494732055165514e+04
1.861021508513669251e+05 6.397112258855604159e+04
5.025215233205628465e+04 1.056220876142470079e+05
2.654449722859662143e+04 1.880910972266292083e+05
6.435617289344106393e+04 1.572405200796078134e+05
2.054794235661436687e+04 1.965875531990033924e+05
6.896225566233093559e+04 1.664975923943697999e+05
1.804161219252976007e+05 4.937106669443020655e+04
1.197872802907464356e+05 1.514055368379310130e+04
1.122288196106735541e+03 4.976364617628106498e+04
1.507117347494373389e+05 1.853285509722729912e+05
2.379591283728077542e+04 1.623644592607810919e+05
1.097506095871389552e+05 1.595142495551186730e+05
1.279474053427897161e+05 1.717169402640653716e+05
1.760832890418469033e+05 1.214382276667227416e+05
1.258726238636820926e+05 9.110283024692175968e+04
6.452778427226528584e+04 4.760708738148173870e+04
1.115231202849714609e+05 1.229914482763880224e+05
6.399774965295947914e+04 1.749758240375898313e+05
1.541031482581899618e+05 5.044354835132183507e+04
5.263598924568007351e+04 4.377743035242414044e+04
1.562982891191959607e+04 4.283206824601202243e+04
1.011497170431892737e+05 9.978630833849134433e+03
1.769409207660134707e+05 1.993378943853882374e+05
1.257557366047950200e+05 4.163015284049260663e+04
9.905699427515830030e+04 4.912037408029874496e+04
1.028120724294221582e+05 6.580702062325520092e+04
1.531755321828239248e+05 8.712333396042583627e+04
9.020898399286165659e+04 1.045848220273303014e+05
7.348390076134217088e+04 4.615851697928951762e+04
1.420961396595991682e+05 6.617298136355353927e+04
1.064589616994615608e+04 9.637365161044373235e+04
1.266498862796513276e+05 1.044426616867408593e+05
2.857498897745982686e+04 1.957680540970427101e+05
1.082935508043294249e+05 1.057495314105029829e+05
6.793871674011598225e+04 6.755146632247604430e+04
1.473451094404473843e+05 1.966372121279348794e+05
2.418479647434399521e+04 1.057685069661758316e+05
2.550686772038741765e+04 4.060988651998576188e+03
1.384730355258434429e+03 1.253153761594316893e+05
1.696335385516998940e+05 1.442582648592141049e+05
1.080883083922426449e+05 1.109635855495071155e+05
3.553370657073451002e+04 8.658575027196979136e+03
5.258304247118908097e+04 8.727866007803562388e+04
5.176949410769828683e+04 1.648857582805522834e+05
1.091015347371881944e+03 4.405570153966169892e+04
7.740307944464668981e+04 1.576663578184157668e+05
1.561453977529995318e+05 3.325477499382911628e+04
1.970421068495227955e+05 2.527397442345753370e+04
2.307697692528971675e+04 1.709601025238197763e+05
1.833714790821400529e+05 1.136001408719452738e+05
1.481015545909776702e+05 4.350972076859527442e+04
2.175960463428932053e+04 4.441157535410558194e+04
7.832456670150824357e+04 1.389715166847767541e+05
4.690437120730408787e+04 4.882233725963986944e+04
7.455830613482510671e+04 2.223190313679974497e+04
7.369702914558742486e+04 1.166725841673062532e+05
8.740160853344443603e+04 1.312871991542479082e+05
4.892976265167907695e+04 6.754983259918628028e+04
4.062806210622089566e+04 1.706592681484647619e+05
8.519416718349981238e+04 6.896144367285961380e+03
9.352707750068833411e+04 1.590051407111397421e+05
2.773497824349235816e+04 1.696189333964151738e+05
1.330965652454867959e+05 1.151788832110335061e+05
4.729212573034135858e+03 1.848641965361474140e+05
1.311308373618597980e+05 1.946839741693520045e+05
8.330076728653494501e+04 6.088766794675157871e+04
7.630798378290038272e+03 1.485981215417724343e+04
1.089632222068505507e+05 4.886548324958850571e+04
1.870403124861809774e+05 1.990395903266979440e+05
1.419897609687488875e+05 5.660762937638241965e+03
1.987912903912070615e+05 6.796653345546180208e+04
1.696211669827521255e+05 6.723694002964944229e+04
4.795895254442757141e+04 5.346689678301606182e+04
1.267921545007295354e+05 1.679412046123580367e+05
1.285108530092155415e+05 2.222998394732500674e+04
1.527265140707248065e+05 1.948984553947212407e+05
1.702794490200751898e+04 1.682819878197186335e+05
1.099043251265085564e+05 4.428805634236019250e+04
1.495747504137570795e+05 2.238069418836576733e+04
1.820561289541615115e+05 9.025231342604313977e+04
1.073188091335622012e+05 1.084378914052543550e+05
6.004826207711455936e+03 5.496921411144386366e+04
1.119395372661108559e+05 9.305487594853731571e+04
3.058486397882471647e+04 4.799892711504243198e+04
1.899022031082176254e+05 1.937740992321895028e+05
8.348174975674851157e+04 3.437505780781846261e+04
3.395332237102604267e+04 1.830911235447656509e+04
1.622142609466972062e+05 9.557890264693462814e+04
8.906032054200685525e+04 1.016450249135769263e+05
1.453325429127110110e+05 9.865663559289136901e+04
1.155527930433064648e+04 9.799152027658157749e+04
5.815211182510364597e+04 1.080874369669185398e+05
1.402485498879246734e+04 7.163308785174923833e+04
4.643226373774034073e+03 1.908155357854786271e+05
5.993126935167354532e+04 2.900685050295408291e+04
1.450184736600295582e+05 7.056699795206444833e+03
8.790670550116241429e+03 7.212393720759940334e+04
3.271713833855316625e+04 1.597946031913941551e+05
3.603052650337008527e+04 5.122921294895667961e+04
1.324925304132860219e+04 1.269409496499785746e+05
1.099996308078604197e+05 2.788189555518312409e+04
1.355371561559296388e+05 1.207355965443980531e+05
1.299081310570778296e+05 2.481181709221536039e+03
1.388885875460364914e+05 1.672819057541243965e+05
2.447527001333906810e+04 1.805106802430156094e+05
9.449999168173024373e+04 1.261890182839005865e+05
1.273898746556839906e+05 9.866912666341188014e+03
1.835041206102320866e+05 1.548581032116169517e+05
1.358675016020398471e+05 8.518911985408970213e+04
1.682411120791235007e+05 4.247610564184281247e+04
9.004524085055830074e+04 1.110834878883763158e+05
6.971118295746270451e+04 6.592455469737910607e+04
1.124763634497597523e+05 8.622829548527993029e+04
1.273055998957616248e+05 1.325019658172522322e+05
1.489268527951126161e+05 1.766778652077033767e+05
3.686199376703001326e+04 6.501461633187637199e+04
1.017969223412961583e+05 1.980366359857704956e+05
1.628758773417270277e+05 1.186956935886337014e+05
1.838146400844902382e+04 8.999287368214336311e+03
1.600889576421689126e+05 1.473233033025317709e+05
1.740777573859052500e+05 1.689322935144087824e+05
1.175371281880805327e+05 7.121181584805197781e+04
1.735674392449475636e+04 1.901978225621539750e+05
1.983490874855909206e+05 1.485102906146270689e+05
1.954267022955483990e+05 1.776479034499169793e+05
1.512282531999454368e+05 4.926261619791405246e+04
1.902148582030586840e+05 7.648243347106895817e+04
9.135958939895142976e+04 1.261497315658739244e+05
1.681394365679269249e+05 1.961455851816576032e+05
3.267806552526133601e+04 1.435926082251618500e+05
3.633550584404812253e+04 8.377631726762109611e+04
6.575266915936236910e+04 1.706152227815087244e+05
5.592325998108078784e+04 8.237220825033244910e+04
7.497892886334162904e+04 6.284568252671325172e+04
1.700762126184605004e+05 1.983949457058974076e+05
2.213883669316807300e+03 1.161490550782353384e+05
9.737768783053477819e+04 1.957060047665167367e+05
1.943823545789700001e+05 1.722763561755180999e+05
1.870725120000648603e+05 1.068465821847603802e+05
9.951678592164287693e+04 2.133819420513467412e+04
1.732183467992498481e+04 1.267478934443873877e+05
1.283775059109032154e+05 1.605717970067711431e+05
3.615224060600144003e+04 1.751003807705936488e+05
4.654337935536591976e+04 1.505896842204220593e+05
1.679795970254522399e+05 1.765425082228473329e+05
8.683160734192017117e+04 3.706300729289002629e+04
3.923661031752079452e+03 1.819450246549625008e+05
2.795447385140490223e+04 1.888578847625018971e+05
1.326236184772583947e+05 1.514798036110325775e+05
1.543412810975655157e+04 1.329698040997306998e+04
3.941269375131710694e+04 1.089083080342296162e+05
1.214898359238381527e+05 3.141343290131097820e+04
1.912151144032026641e+05 1.280100274505305133e+05
1.290724553576556646e+05 5.202151825916652160e+04
1.100044984558643919e+05 1.500987045047932406e+04
1.010294843915199308e+05 3.649041507184586953e+04
6.076290646549613302e+04 1.288924376908847189e+05
1.134016673632209422e+05 1.975822585093597881e+05
1.239239136566866655e+05 5.496669205378790502e+04
3.605554004965632339e+04 1.658081467892913497e+05
1.117062334586624202e+05 1.564051554427481897e+05
9.416215147461471133e+03 7.376245009428888443e+04
1.852168879762840224e+05 1.454360488206534064e+05
1.075808084224707272e+05 9.544383314053705544e+04
4.992856456477536994e+04 1.937498100740325463e+05
5.513885815566521342e+04 1.266933893503525760e+05
1.265194491187860694e+05 2.045708256864908617e+04
1.556055282642515085e+05 1.532131182674393058e+05
1.827603130475867947e+05 1.273314146994403127e+05
9.144826694550680986e+04 7.950559189187640732e+04
1.034585180134984112e+05 8.682126969448145246e+03
7.061987863889834261e+04 9.425112177059464739e+04
1.453095619359287375e+05 1.017434452881494653e+05
1.853981495462373714e+05 4.273647596698904181e+02
1.677205612174228590e+05 2.994602629337381586e+04
1.850380706190853671e+05 1.756007761217017542e+05
1.370051480645748088e+05 5.230375365360462456e+04
1.853765632558407960e+05 6.496237481375510470e+03
3.766629888498318451e+03 1.821279550700359105e+05
1.964132255998060864e+05 2.333040751709392225e+03
1.819609498825694609e+05 1.685516439767879492e+05
1.700112821538102435e+04 1.819696356935420190e+05
1.949602370162567240e+05 8.633390745450039685e+04
1.755655988087366568e+05 9.334821726132345793e+04
4.559685606037167418e+03 1.148191697941514285e+05
1.510355095179714044e+04 1.098259014271819178e+05
1.552763502203554381e+05 9.821745433193555800e+04
3.355683265872808988e+04 1.588018767144076701e+05
4.235033612448036001e+04 4.372943210654068025e+03
1.822527572388410335e+05 1.223800108361805760e+05
7.006404921687269962e+03 1.586122477753959829e+05
2.432128087366636100e+04 1.820531729148336744e+05
1.131171484810133115e+05 1.135906695659742400e+05
1.562134885388783878e+05 1.362448500202744035e+05
1.874533276076001057e+05 9.447797190027269244e+04
4.058772672124209203e+04 1.428572909640558646e+05
1.560801221075757639e+05 5.401904525435423420e+04
1.975310529942075373e+05 6.071742030626627820e+04
9.994490473764063790e+04 2.327540018474989483e+04
1.412858233690170164e+05 7.364146407121840457e+04
6.268323142246838688e+04 1.572399363301841659e+05
8.650767172936165298e+04 2.453127307824021045e+04
6.900931985891003569e+04 1.643073796809809573e+05
8.963689818243536138e+03 5.206302003717102343e+04
9.587758784070878755e+04 1.466433523256335466e+05
1.149052499366036645e+05 1.864265804636089306e+05
7.635925433335955313e+04 1.240528229251003359e+05
1.252753652255567067e+04 3.084209696009541221e+04
4.782461841952456780e+03 8.308416237731371075e+04
9.416615392474230612e+04 4.284567630885138669e+02
1.048406179705794202e+05 1.172569530517033418e+05
7.278262120801070705e+04 1.651336155697036011e+05
1.804109043552912481e+05 2.857981328506209593e+03
1.633062460220934008e+05 1.705488302372586913e+05
8.731628699617230450e+04 6.312014787053781038e+04
1.821628876945533557e+05 8.396663822547794553e+04
7.591106812232665834e+04 1.648613801381323428e+05
1.305400810905699182e+05 2.386185796237005707e+04
1.540087395890442713e+05 2.553354060969241618e+04
4.055816406035394903e+04 7.499304466424070415e+04
1.534119071976941486e+05 1.612738752290923730e+05
4.399240949846139301e+03 1.401010018052009400e+05
1.374081398483888188e+05 9.279754171796256560e+04
1.601563405008101254e+05 5.734386764108267926e+03
7.912350356895747245e+04 5.448144998021713400e+04
8.237601758529031940e+04 1.909556515934019117e+05
5.205677260597871646e+04 5.029880318076782714e+04
3.969940834480858757e+04 6.758248635443691455e+04
1.209942107677442837e+05 4.515566352370752429e+04
4.608461604859632644e+04 1.021979632778651430e+05
7.638928901573634357e+04 1.657552827092140506e+05
4.265491992109213606e+04 1.564034382211890188e+05
9.996506561110363691e+04 1.641452979143387347e+04
1.001281367452171835e+05 6.678212688969810551e+04
1.974335909151880187e+05 1.947650464436507900e+05
7.622453416392057261e+04 1.592783837872069307e+04
1.479811834574398235e+05 7.757253133713421994e+04
3.053814578177383009e+04 6.004886370909567631e+04
8.756045918082054413e+04 1.582399255086108460e+05
1.095293408613742940e+05 9.758342454321417608e+04
1.654261234140170272e+05 1.350939757203954214e+05
1.728700522450542485e+05 2.863510810564884378e+04
1.477278771233587759e+05 7.112113099526995029e+03
1.709287937511369237e+05 6.448335276236096979e+04
1.370045650523998193e+05 8.826512865160802903e+04
1.749555852276509395e+05 1.794182922203331545e+05
1.936116824265145406e+05 9.489401083772741549e+04
1.169880079956627160e+05 1.581164329820608837e+05
5.958564236724968214e+04 4.060873357191763353e+04
1.289508975266104389e+05 1.553128030483502371e+05
1.528355578553903906e+05 1.046048597814012610e+05
6.526488105804042425e+04 1.542867956445757591e+05
3.609748018513630086e+04 3.252940650886551157e+04
3.232272299669087806e+04 4.638073896100092497e+03
1.970972593027491239e+05 5.765739584172247123e+04
9.093681151973731176e+04 1.762356681258316894e+04
1.105887012138008722e+05 9.388533114452492737e+04
9.418673915571210091e+04 4.186765927206812194e+04
4.313196676748893515e+04 1.834496646447423554e+05
1.238344720774034940e+05 4.990000593503509299e+04
1.859671323002636782e+05 1.729962956341127865e+05
1.814810382847767614e+05 1.501929371819409425e+05
1.185129242488839955e+05 1.200852615453309409e+04
1.025254204639021627e+05 1.835334233050126932e+05
3.624940028455068386e+04 1.338767709899142792e+05
1.797001664545782551e+05 1.938633308035447844e+05
4.072103928810859361e+04 1.336785849488943932e+05
1.962898190156804631e+05 1.248693733662483428e+05
4.584088526022869337e+04 1.043158157311881077e+05
1.107902772027841420e+05 1.827260948809787806e+04
1.362832346081596625e+05 1.416328625614100019e+05
5.752050513755340216e+04 5.396484457972641394e+04
1.973282090761271829e+05 1.786786023686792178e+05
2.137545494503329974e+04 1.201881047397078655e+05
1.687798853671584511e+05 7.291545948584632242e+03
1.566553544313589227e+05 9.540813162155459577e+04
1.035762320386717038e+05 1.793477397474097088e+05
5.393545403506827824e+03 1.003033694130649092e+05
1.971764150286663207e+05 1.852886557500541676e+04
7.142808734103119059e+04 1.700709278724412434e+05
4.516655763863621542e+04 3.222072954274901804e+03
2.377018006451267865e+04 5.793433851347280142e+04
6.813724454282414808e+04 4.938911458353918715e+04
7.248447608686680906e+04 4.420108342037761031e+04
1.215518179236841534e+05 4.745886686374330020e+04
7.285981254263705341e+04 1.118348921067326301e+05
3.406104057755268150e+04 1.430792353131698619e+05
1.351553983996604511e+05 1.341094230553030793e+05
5.921651408775831806e+04 1.862003461102322035e+05
1.611476212921480765e+05 1.999289035009662039e+05
8.607242692279448966e+04 3.382677971672933927e+04
7.150094812709784310e+04 4.713146145251418784e+04
1.893628796215387993e+05 3.284011556395705156e+03
1.098341310797735350e+05 5.538137837149122061e+04
1.926346835814533406e+05 1.454263781007096113e+05
3.069441151024592182e+04 8.309409233281698835e+04
1.885466590136705781e+05 3.224074985349263443e+04
7.744395406232349342e+04 7.995125806585798273e+04
1.348536534712294524e+05 1.969945827328197774e+05
6.838432981516806649e+03 1.669786624679744709e+05
3.034607611049149273e+04 1.127390230253749760e+05
1.982436096806917340e+05 1.537428537934573542e+05
1.218582061774711910e+05 5.905644454187328665e+04
1.920211774363472359e+05 1.872521981716329174e+05
6.047870699444221827e+04 1.158225875733850553e+05
1.698682889928111399e+05 1.505919708400325617e+05
2.166368271720933262e+04 1.472605064852343639e+04
1.794176152251193998e+05 5.528118517396207608e+03
1.691226451552155195e+05 9.961583060433542414e+04
1.081431424261259963e+05 7.493464168924067053e+04
1.324686566986125545e+05 1.431326239205178863e+05
1.216535920689328923e+05 3.572648166125975695e+04
1.225922438431680202e+05 7.879645370138085855e+04
1.655204382587850268e+05 7.851885966648733302e+04
4.141843296534058027e+04 1.919379105328032165e+05
1.024228442737443547e+05 1.986277810033165151e+05
1.165201601688263181e+05 1.129084957873189887e+04
8.871041896233739681e+04 2.995453107052890118e+04
1.590330290074657823e+05 1.466301554604175908e+05
1.179414447362862265e+05 1.805340084779126628e+05
7.891601273896821658e+04 1.656691425090985722e+05
6.093150119201187044e+04 1.093166730362770177e+05
1.383074704006217653e+05 1.454335958287635294e+05
1.690192417146063817e+05 6.120756864567007142e+04
9.798196930608857656e+04 1.343351370447096997e+05
6.222215874999252992e+04 1.614318153662849509e+05
1.517436923230729299e+05 7.395303756497862196e+03
1.130353569785760374e+04 2.800193512304061005e+04
1.755276945681905781e+05 8.108172304553251706e+03
7.252846528005741129e+04 8.219724600552274205e+04
5.641465111325587350e+04 1.601796307322318025e+05
5.917876312867434171e+04 1.338866796898797911e+05
1.376684403166538978e+05 3.029533785134128630e+04
7.157473564581318351e+04 7.523176443598272454e+04
1.246039085182336130e+05 4.670150618412964832e+04
2.766991853611211627e+04 8.201502011816081358e+04
3.246716994546878777e+04 3.391545218923554785e+04
5.485680859288246575e+04 1.238109784351851849e+05
1.582577015514294326e+05 1.799330394951049821e+05
1.854310520192114345e+05 9.326981776346088736e+04
1.861374334936944651e+05 1.643932109505658736e+05
4.190469192545098485e+04 1.725331995454388089e+05
1.354227659850980563e+05 1.314731367017549637e+05
1.799708567348003853e+05 4.022577754355607613e+04
1.192535154626352014e+05 1.371382504762342141e+05
4.409985801493530016e+04 1.214788113627888233e+05
1.838631444041818613e+05 1.120421841901260195e+05
7.311442277005793585e+04 1.667104691071867419e+05
1.477013621436799585e+05 6.456229638546375645e+04
5.690411068796745531e+04 1.411947301563880683e+04
5.123812851391229196e+04 1.862508603037189459e+04
1.938503167426999426e+05 3.824261355286633625e+04
1.765279669204996026e+05 4.438347837536822044e+04
1.562876929100859270e+05 9.335627237486976082e+04
1.133990104476801062e+05 6.783787753753323386e+02
3.288065259352412977e+04 1.379928745991984906e+05
1.375848758948932518e+05 5.394464046429406153e+04
3.493242133149492292e+04 6.889840222471796733e+04
1.950728266406217881e+05 1.546558066900398408e+05
1.262336718721723300e+05 1.587222348065943224e+05
9.199711213813596987e+04 9.790962415217050875e+04
1.125743175812123227e+05 2.756694541803865650e+04
1.571223943753445637e+05 1.680747402096551959e+05
1.230771677196993369e+04 1.115446330513107096e+05
1.007093322234129482e+04 7.421902046795314527e+04
1.720532602249384508e+05 1.401574480785492633e+05
3.400438277288937388e+04 1.532543933628797531e+05
4.770827994447090896e+04 1.617840099431742274e+05
4.832042503697877692e+04 1.882531562878751720e+05
1.422132439692266344e+05 9.529515620223771839e+04
1.745961334722674292e+04 7.832575047608210298e+04
1.369298480116168794e+05 1.173911705978937389e+05
1.893577273181856726e+05 2.167189618802889527e+03
1.136771984787016991e+05 6.866168698733423662e+04
1.768289700924512290e+05 1.377649619580453436e+05
6.033194566099408985e+04 1.631293174283162516e+05
7.221293342020678392e+04 7.882863554655366170e+04
1.547716231865684094e+05 5.980884448268528649e+04
1.349338799182928342e+05 1.756072941709660809e+05
5.987647243772009460e+03 1.596337373649947403e+05
1.228730003439832508e+05 1.166464964669901965e+05
7.105242370330748963e+04 1.692097455979577207e+05
9.308889612079136714e+04 8.391035661749160499e+04
1.416258841756537004e+04 1.211435059498113878e+04
9.559075804503742256e+04 1.355100073070426006e+05
9.244637801329871581e+04 1.855690039833985793e+05
1.812446553341374674e+05 9.648157777753526170e+04
4.797305559068618459e+04 1.525923344675168337e+05
1.803833124467004091e+05 1.205453887869053287e+05
1.325286394265477429e+05 7.736763549215288367e+04
7.386456801394767535e+04 8.115508997846232887e+03
7.308802461835397116e+04 1.878791988236370671e+05
6.421276438999769744e+04 4.282577909196461405e+04
5.592981825275589472e+03 9.793449663077799778e+04
1.872932035552168672e+05 1.620786543522473075e+05
1.048257369812947145e+05 1.133895894648960821e+05
3.925000258985256369e+04 4.403069106705430750e+04
6.569549881100349012e+04 1.402106784681910940e+05
1.264749220084432745e+05 1.561067087122779340e+05
7.029183208052738337e+04 1.232436901125129516e+05
8.608634792925002694e+04 3.664835923837393057e+04
1.587799533628975623e+05 1.190475321479697741e+05
3.685202633499360672e+04 1.671769159288990777e+05
1.911130315576554858e+05 5.377826124053048989e+04
2.546994334005609926e+04 1.887291054153746809e+05
7.742246128922917705e+04 1.399892945427056693e+05
4.901167182961556682e+04 1.142697342061558265e+04
1.654331382341957069e+05 3.526006229097731557e+04
8.004079711354128085e+04 1.006689127452870453e+05
6.218971249412885663e+04 1.297321862285043026e+05
1.952595805821506074e+05 1.877168968167559651e+05
2.125080727355967974e+04 1.169018005128650111e+05
1.190298633106884372e+05 1.966561202284633182e+05
1.060085978720056301e+05 1.272672431846344116e+05
1.386909865795259539e+05 1.024657067047021410e+05
1.580940525805498764e+05 1.283590841285127135e+04
1.308592755107065386e+04 7.013314744789271208e+04
1.057708065167486347e+05 2.242644440611669779e+04
1.031707001103794755e+05 3.996178684247761703e+04
6.397550748172104795e+04 7.721869642304275476e+04
7.280600315472793591e+04 1.402504490759070322e+05
8.778746815445081666e+03 1.503443978124931455e+05
1.355583008682474974e+04 6.288388682148182852e+03
3.449872008035585895e+04 7.799283190517275943e+04
1.228496790149142616e+05 1.810507369973968307e+05
2.753849383120570201e+04 5.377663435267488239e+03
1.225411399668784288e+05 1.171030139635990054e+05
4.594769147398576024e+04 1.933598179302769422e+05
1.639282541173294594e+05 9.176732264138957544e+04
1.466424572689064371e+05 1.383196715558762080e+05
6.407646819453627359e+03 1.582550006802278513e+05
7.542711151876757503e+04 1.189532135575280554e+05
2.190934297127542595e+04 5.040881034093614289e+03
1.813593239844242053e+05 6.691575716973745148e+04
1.327169600985777506e+05 1.409010431875047507e+05
1.418292927913170715e+05 2.472439609020062926e+04
1.076753659245686285e+05 1.866790619754676882e+05
7.626076813301749644e+04 1.739956117295916774e+05
4.424569130356845562e+04 3.737736633376611280e+04
3.009614991458646909e+04 1.452490754087350215e+05
1.854698604749596270e+05 6.897153057666962559e+04
1.504059896408460045e+05 8.438805696330282080e+04
5.470813431679519999e+04 1.631108338762367785e+05
1.458558423303455638e+05 8.582555606666608946e+04
3.474872701664222404e+04 1.749749957634123275e+05
1.780492024186284107e+04 5.627945502361653053e+04
1.929620570278161904e+05 3.592841513974673580e+04
1.550236872322448762e+05 2.739634777074366866e+04
1.238877666812814277e+04 1.694573172310031368e+05
1.336828674506905372e+05 1.142952061327001284e+05
1.558496784930975118e+05 1.547725415100342798e+04
1.871619226863521035e+05 4.547381815866573743e+04
1.824875912362824020e+05 4.236686454407197016e+04
6.021714624932524021e+04 1.652543685697580513e+05
4.325270244097762770e+04 1.687591046729369846e+05
1.681631935454821360e+04 6.003069232001862838e+04
6.980636819802352693e+04 4.685548852746615012e+04
1.532369486625398858e+05 1.657844614089845272e+05
8.070102824990010959e+03 3.742354397768006311e+04
1.047632990599665936e+05 1.187175000955857540e+05
2.938673407006984053e+04 4.557707067440168612e+04
3.222227557419235018e+04 2.773929790023796886e+04
1.217573796259738010e+05 1.267634303852539742e+05
1.324842849227782281e+05 6.129984827899716765e+04
5.178847963923138741e+04 1.192131954390558822e+05
1.388313242303561710e+05 1.870146624413163809e+05
1.723827688845848897e+05 8.178444667800719617e+04
1.610176640425600926e+05 1.759244251513238123e+05
9.290190882110019447e+04 1.959486531724746455e+05
2.002259228752485433e+04 7.248517761285988854e+03
1.268987433417654975e+05 1.141600848925539613e+05
8.338893452095903922e+04 1.935800912036995287e+05
3.744300636469772871e+04 1.154024362128672801e+05
1.015252142179092480e+05 1.535097229876219644e+05
1.035000176796847809e+05 1.465821515018774953e+05
1.993594729939270183e+05 1.920729996321274084e+05
1.224810918422807154e+05 1.803830250806952608e+04
1.303979384753237973e+05 1.939409302222038386e+05
8.313089903763141774e+04 1.024851208092205634e+05
7.029277002627025649e+04 4.412229923838748800e+04
1.458346304509202891e+05 1.072428461067752651e+05
1.255620283798591699e+05 1.050952237078523176e+05
6.657033237290928082e+04 1.267794168883999810e+05
5.486401347128304769e+04 5.117788330513253459e+04
3.076631196073018509e+04 1.458377961697512364e+04
1.258941301031527546e+05 5.092738307276363048e+04
7.944815172507653187e+04 5.386987445899058366e+04
5.919249033081914968e+04 2.225070931831454436e+04
4.088442512359247485e+04 2.386890475385139507e+04
9.213627501311556261e+04 9.119549749970743142e+04
1.422542035226568260e+04 1.365879423387695279e+05
1.970704882491620374e+05 8.468453430108244356e+04
1.641041477527369861e+05 1.539071637135991186e+05
3.883625509197587962e+04 2.767261159471561405e+04
7.703698979268666881e+04 7.620917278608674678e+03
5.707968195862225548e+04 9.510071170821334817e+04
1.155043712943950813e+05 1.422023884818336519e+05
1.962905689880570862e+05 7.647580998080185964e+04
1.637414941577118298e+05 3.416512499542067962e+04
3.272702608174449415e+04 6.071961427012828790e+04
3.038775381136005308e+04 5.924521637446209206e+04
8.362769676690176129e+04 1.423148431151208060e+05
7.704673964912227530e+04 8.389255248909219517e+04
1.101065608848591946e+05 1.055224677306523226e+05
2.527500175763981315e+04 1.789644760014044004e+05
1.242009011489937111e+05 1.354428954050377652e+05
1.601089129187791259e+05 1.904860961560595024e+04
1.066437733609769202e+05 1.973608507154949766e+05
1.975512451546829252e+05 4.584665869759258931e+04
1.631895636157557019e+05 1.774732980232168047e+05
1.189182866604711453e+05 5.083120770765781060e+00
5.263593219661777403e+04 2.410124289217694241e+04
7.566811002465707134e+04 3.471161406256160262e+04
1.658881444827047817e+05 5.995857275770446722e+04
1.954272011928313877e+05 1.778705437738101173e+05
1.472868381083135610e+05 7.039488605823686521e+04
5.418847152022099181e+03 5.684606848703148717e+04
1.196813889342355251e+05 1.273681865451619378e+05
6.812919478980390704e+04 1.967901757870645379e+05
2.859577065052671969e+04 1.722549602369424538e+05
1.987049069763719453e+05 9.865891424266873219e+04
1.502616613189149939e+05 5.928181916454877864e+03
1.630524986025055114e+05 4.557043280684114143e+04
1.026589543956601992e+05 2.764058819210288857e+04
3.851499632289703004e+04 1.720499083603007020e+05
3.335577707886727876e+04 1.017474809036689840e+05
3.678430677276434290e+04 1.373634083500790002e+05
1.492484098430273880e+05 1.751829158491300186e+05
1.697191344112768711e+05 9.563031828855929780e+04
1.949180559329595417e+05 3.330639816635934403e+04
1.192257691059382487e+05 1.130445063435061165e+05
8.785452547862603751e+03 1.391895697545443545e+05
7.479975586033813306e+04 8.739047293715647538e+04
3.348697228165788692e+04 7.217995760975441954e+04
4.983677193730371073e+04 6.270404621043657244e+04
1.525016862590218370e+05 1.700885278466713789e+05
1.872107280066186795e+05 1.304772144197025191e+05
1.359347083788171003e+05 4.027096866896340362e+04
7.586793778342116275e+04 1.366114066805173934e+05
2.006964383505935984e+04 8.541689545542918495e+04
1.340926424634098948e+05 9.678710944339360867e+04
6.474721038189437240e+04 1.919040176408340922e+05
3.254924216148391497e+04 4.799040870433741657e+04
1.342453057301479566e+05 3.834538153284150758e+04
1.695251659268492076e+05 1.481290709384603542e+05
1.717103111115246720e+05 5.421938833012418763e+04
2.812788875868534888e+04 1.651392183488707815e+05
8.858691353424485715e+04 1.920013027916591673e+05
1.292191594303728780e+05 1.052380371030766837e+05
4.148667220865283161e+04 1.499120806382370356e+05
6.148620376117528212e+04 9.093784591428133353e+03
5.438100808509653871e+04 1.561312785981066008e+04
6.926690963726564951e+04 1.483139132712052087e+05
7.271888685967841593e+04 1.528573356698347779e+05
1.685065819331572275e+05 1.606282925781780214e+05
1.104721167009389028e+05 5.675873822587980248e+04
1.713013093687327928e+05 1.169968264948389551e+05
8.765014163727186678e+04 1.351028200783432112e+05
1.315664875145915139e+05 1.669220111605624261e+05
1.437169506455397932e+05 1.043826088788105262e+05
1.851238689033034461e+04 5.327374371802326641e+04
5.515232908864496130e+04 1.958761984604707686e+05
5.652045098956004040e+03 4.783699061314179562e+04
1.096671627131456771e+05 6.442117915149925466e+03
1.426670627649457310e+05 1.077204677066079748e+05
1.209949214599692205e+05 5.377984876414421160e+04
1.117634822710625449e+05 1.996188402903428359e+05
1.107069537650324055e+05 1.398410118498222728e+05
1.962676346971050589e+04 2.915047336685665505e+04
1.461423004733925918e+05 1.567864790709959343e+05
1.096774584640829853e+05 6.280384651555361779e+04
1.991021219786585716e+05 1.755483896250383987e+05
1.838984888110807224e+05 1.353385585814184160e+05
8.489988556751719443e+04 1.965155693454738866e+04
1.468549290450715926e+05 1.137902719198318227e+05
1.551618874411181023e+05 4.542625786726324441e+04
1.977705261747998302e+05 1.536116506424149557e+05
1.969796369640155172e+05 9.397312835649278713e+04
4.284698022816058074e+04 7.893102850239179679e+04
1.395142612657305290e+04 1.831684783664837887e+05
2.877251172200687870e+04 1.907278092437010491e+05
4.782527226051513571e+04 1.329245296058106178e+05
1.820770129089360707e+05 5.534396289417790831e+04
1.995163767651067756e+05 6.832319507856757264e+04
1.087689218283321825e+05 1.497966648857372929e+05
6.891995560645282967e+04 9.564123000355619297e+04
1.840991694541400648e+05 1.911895210351815331e+05
1.861244781163102889e+05 1.825211794365228852e+05
1.304722715657935769e+05 1.867281554871975968e+05
2.202931571009325580e+03 1.192197201082803658e+05
1.619477278003957472e+05 9.897793990776635474e+04
1.446914013342717953e+05 1.636771882404354983e+05
8.781897640822715766e+04 1.545325469406977063e+05
2.539543411507003839e+04 3.711307555706024868e+04
1.482282395537727571e+05 7.723980714084159990e+04
5.986724927799691795e+04 1.624488018807785120e+05
6.108391503815595934e+04 1.297418793536716548e+05
1.345264001365192526e+05 1.767415941291682830e+05
1.054372034925978660e+05 1.731471548932078003e+05
4.954997047524964728e+04 1.687133720041822817e+05
1.528538538215239241e+05 5.172764734926971141e+04
1.609711687160106958e+05 6.865560643258363416e+04
8.445679854919598438e+04 1.237237206740022375e+05
1.941282424832768811e+04 1.563318850276123558e+05
9.171593081984119635e+03 3.685650508840330440e+04
1.840150351945475268e+05 3.606712190118242142e+04
5.801365416480221757e+04 2.872819304361169270e+04
5.214565486325004895e+04 4.937538898130686721e+04
9.550273170266201487e+04 1.613907322002670844e+05
1.116644871903248859e+05 1.158227981862673914e+05
4.257758483962070750e+04 1.734377581537024525e+05
6.014292219488552655e+04 4.645767527809929743e+04
1.119799402400021354e+05 4.105907642108830623e+04
1.756850456289565482e+05 1.484285626541962556e+05
1.917209744063630351e+05 1.449209700378874550e+05
1.030213294510227133e+05 2.567073316514565522e+04
3.854464639352646191e+04 2.493973598914816102e+04
1.998274744884926477e+05 2.689877492083358902e+03
5.448812749986715789e+04 6.025911178000291693e+04
1.901687334432981443e+05 1.574949872125065303e+05
6.778879229051111906e+04 1.277891346638906361e+04
3.753481039411608072e+04 1.031167532069513109e+05
4.083700055630778661e+04 7.176377238422643859e+04
7.424530813399197359e+04 4.538886628761316388e+04
1.167529637892323517e+05 1.726836514129886345e+05
3.467094267279830819e+04 1.121960566627902008e+05
7.018368692602499505e+04 1.876438918041867146e+04
3.370644491640839260e+04 4.914517059852261445e+04
1.155347224550809915e+05 1.672263992607410182e+04
4.068534161467982631e+04 1.099416649598676158e+05
7.215340276081099000e+04 1.412582216444385413e+05
1.534769779336535721e+05 1.578068865344134683e+05
9.253043000734753150e+04 1.872382468514178472e+05
1.614011328520524548e+05 7.385103328499622876e+04
3.208659309408203990e+04 2.396198047017774661e+04
1.066845705309381010e+05 1.647747192866194528e+05
1.601928846138954395e+05 7.040264979595855402e+04
4.233244843920224957e+04 8.446888860985504289e+04
1.246951613148922042e+05 2.941578170595948905e+04
5.315586521581172565e+04 1.821622139402144239e+05
3.891033476801444340e+04 6.116420792590215569e+04
6.632313148426466796e+04 1.284308180362386629e+05
1.720723350047168788e+05 7.351132511593849631e+04
1.459702440559846582e+05 1.920712962547095085e+05
1.847342556468569965e+05 3.541706232537818141e+04
8.359666620453530049e+04 1.706582018513078801e+05
1.341237508273568237e+05 5.083222962192595151e+04
2.163352831054432681e+04 6.013931156396865845e+04
1.757773992628925480e+05 4.652457175286610436e+04
9.065848426544525137e+04 1.187213547992476088e+05
1.218959195337538113e+05 1.894050998479250702e+05
2.474750158446319256e+04 1.304015159785981086e+05
9.609341798073088285e+04 8.681696600769482029e+04
1.808722966157041956e+05 9.006434740033901471e+04
1.275409391747889458e+05 1.175307606642572682e+04
6.795465260250132997e+04 1.560979129162396384e+04
1.032395709192186914e+05 2.938419859958700908e+04
2.403417880342300123e+04 1.287982158603800926e+05
5.296321348212844896e+04 8.052644323951696606e+03
1.032457937896121439e+05 8.421173986598152260e+04
7.026250410243095757e+03 1.413332275236860150e+05
1.998551977887422836e+05 9.063420265841064975e+04
6.201636085247099982e+04 1.587657630738992302e+05
1.244124792243692937e+05 4.273265828414962743e+04
1.649486069000697753e+05 3.672648748769699887e+04
8.770630352412723369e+03 8.144867329145727854e+04
9.114902367698618036e+04 1.930457082933153433e+05
4.964331197097447148e+04 8.666990828229703766e+03
1.778795399881250923e+05 1.464873899644583071e+04
2.655031503763212095e+04 1.714409914276785858e+05
5.926851821164769353e+04 1.144648478308615013e+05
1.597736757451072044e+05 1.440408113332340727e+05
6.908918656015630404e+04 1.416722806062622112e+05
7.873077337976783747e+04 1.582174885137396632e+05
1.684569284254693775e+05 1.656968280540124106e+05
1.401604202511648764e+05 5.944378176068054927e+03
1.385125292391164976e+03 8.960050991538293601e+03
5.610754216279432148e+04 1.627136922771600948e+05
1.563729610073763761e+05 6.385843948393359460e+04
9.019013088657708431e+04 1.615182379121276608e+05
6.153350906012100495e+03 1.705337121710714127e+05
1.942034555104814062e+05 4.763798037673316867e+04
6.321171678659751342e+04 2.649712712063094659e+04
7.975474708049873880e+04 9.201355106611244264e+04
1.151994332678778483e+04 3.446979262974729500e+04
1.857900543339409924e+05 1.217386321828100481e+05
1.820651788120013371e+05 1.771230113260538783e+05
1.194819220504950208e+05 1.888995593321829347e+03
4.877260500005778158e+04 6.714142298501044570e+04
1.666738969799726328e+05 3.405936611350770545e+04
1.577724249784987187e+05 1.368287379152226204e+05
7.506101475407709950e+04 1.144423351005964214e+05
9.491621681039688701e+04 7.957952753994133673e+04
7.457188598727692442e+04 4.252079489265791926e+04
3.992132744554770761e+04 1.284353968375795230e+05
4.660240430612803175e+04 1.151485463656477805e+05
1.417305549663909733e+04 1.240828614820784569e+05
1.356423181712674850e+05 1.772476653468204677e+04
1.151101965985932911e+05 1.554626181890014559e+05
2.169161769929455113e+04 1.543032526800041669e+05
8.566388791892578593e+04 5.464479309487922001e+04
1.132888718837190972e+05 5.530837579074678797e+04
6.764115142214979278e+04 1.436209844754854566e+05
1.062942150687898393e+05 2.528527667518094677e+04
2.006030917445435989e+04 2.619298169956922720e+04
2.083692040020559580e+04 1.355946881301776448e+05
2.262230276128725018e+04 1.451787861197585007e+05
5.037483902225177007e+04 1.608776373643537518e+05
6.847842721927966340e+04 1.649908165453065885e+05
1.538543316038556513e+05 1.332583843090846494e+05
6.086650006229599239e+04 7.146679006211347587e+04
1.896443689356899122e+05 5.769491506018870859e+04
1.315939639589479484e+05 1.757748271295471641e+05
1.837995892859809974e+05 7.633863537761516636e+04
1.437312479570186988e+05 1.085483841608367657e+05
1.322438965522603212e+04 1.957391493674458470e+05
1.924404305627118156e+05 1.350048622532500012e+05
7.262434707914167120e+03 1.765515122712593002e+05
1.495309021162881400e+05 1.537774536171134969e+05
3.297486407295329263e+04 7.281876039011239482e+04
2.167729483360698578e+04 1.890347340749290015e+05
1.566645755007040862e+05 1.294643077732147212e+05
1.541439421057615436e+04 1.625515930158640258e+05
1.097176262312466570e+05 1.722015501976697124e+05
1.828698131812581269e+05 8.896736078641780477e+04
6.414080515240505338e+04 2.201278897280049932e+04
8.192757022889441578e+04 1.840459069650807942e+05
1.916301379702677659e+05 5.236725286074777250e+04
1.461720263506624324e+05 3.045914136400220741e+04
1.799530336025171564e+05 7.227199640243476097e+03
1.154748306631159649e+05 1.753826673884976481e+05
1.118652770136139443e+05 1.033981635451265029e+05
1.810891345990636037e+05 4.703900992391994077e+04
7.030913861103814270e+04 4.923894778866389061e+03
1.729819974361034983e+05 2.149079306643024756e+04
1.565935376656522021e+04 4.587377944136077713e+04
8.934656318544064561e+03 4.300483987522643292e+04
1.828991101584415010e+05 2.596266896171517510e+04
1.226660482642062416e+05 1.314211150528238504e+05
1.117369965325838421e+05 4.978826433929106861e+04
6.761909934240597067e+04 9.842020191356458236e+04
1.645010748777016706e+05 4.790342676987566665e+04
8.811299129572727543e+04 2.409631151303597289e+04
1.750254245753296418e+05 1.805904010592604172e+05
1.876970572236402950e+05 9.734295975560194347e+04
1.750000474433832860e+05 1.109215275463905127e+05
2.272438289505380817e+04 9.827081636308177258e+04
1.181351933654113673e+05 1.640107255817868863e+05
1.205965891230551933e+05 1.877376935954640212e+05
1.046951762454360432e+05 1.421304140549883014e+05
8.776388867834325356e+04 1.312156066032807867e+05
7.014244021402741782e+04 1.698259120280001298e+04
4.538519396467304614e+04 6.520081863674143278e+03
1.433706321588816936e+05 1.755337115684693854e+05
1.482757181468971830e+05 1.562574118119633058e+05
1.509750153497868450e+05 1.105099051353197574e+05
2.148169168666147380e+04 4.327288087575611280e+04
1.793938702968881989e+05 1.578164932554927655e+05
8.732436812200323038e+04 2.063968448370692204e+04
1.191684028856283985e+05 1.549516031263906625e+05
1.962341190160750120e+05 9.466730840028896637e+04
5.334837147195694706e+04 1.997210862020181376e+05
1.245368926409917913e+05 1.010425273658380902e+05
1.190955658211674890e+05 6.527351070923741645e+04
1.415434912838663731e+05 1.084389644978354336e+05
1.385127553299708234e+05 1.020478818532724545e+05
3.303635835098037933e+04 1.933920217069391801e+05
1.420212293666131736e+05 1.012482801482279501e+04
8.907126877286277886e+04 1.414922138483040035e+05
1.982730981327278714e+05 1.417305793036268733e+05
1.751239729764537769e+05 1.092111708621015423e+05
1.957453120834174915e+05 3.652550441342858539e+04
5.827664118686292932e+04 1.548544481580934080e+05
5.865475286863231304e+03 8.582632786207282334e+04
4.688594722472343710e+04 1.681328958386569866e+05
1.302057602959937358e+05 1.143545148484519450e+05
1.183607566664051701e+05 4.394624181380488881e+04
9.638470728658477310e+04 1.568865701604021306e+05
1.063382684529038670e+05 6.249202481329962757e+04
7.503108328632339544e+04 5.093377046533102839e+04
9.981660311251916937e+02 7.917491089050055598e+04
1.196238470137628901e+05 1.912715394226032950e+05
6.071694155712235079e+04 1.233125910700491950e+05
1.094819352240635053e+05 3.342362270144774084e+04
1.081727063877952751e+05 5.185160550659611181e+04
7.177547601816053793e+04 2.848364679080466158e+04
1.275534633570724545e+05 8.301371656545500446e+04
1.474691776705188204e+04 4.672901133833540371e+03
1.510687281975588412e+05 1.826583435208709270e+05
8.881224571648683195e+03 4.159748685231334821e+04
1.850500699219359667e+05 1.821527655786527030e+05
1.436460327917300165e+05 8.630663858212783816e+04
2.701312230256824932e+03 1.684895234109718294e+05
1.094562978339024266e+05 1.239449656962086010e+04
1.818128040678991529e+05 1.352302547898713965e+05
1.683892734761773900e+05 9.031840165633670404e+04
7.609414862520425231e+03 1.131181412753429613e+05
1.280284562871328671e+05 1.033778395526955283e+05
7.495587476656251238e+04 1.434324281902184593e+05
1.700100482479596394e+04 4.215734160542771860e+03
1.005828823617054877e+05 1.752144097127752902e+05
1.463291738175171195e+05 2.016595155752431992e+03
3.492273709904769930e+04 7.845849640808510594e+04
8.626874845479932264e+04 3.090454441030399175e+04
5.554164051885912158e+03 1.513113639960462460e+05
1.695170797319751582e+05 1.862701719061142940e+05
1.521632041189604570e+04 4.084278126742097811e+04
1.433409366468123626e+05 4.293417368539058953e+04
6.531275691628348432e+04 3.420076799352589205e+03
1.487429071791846363e+05 1.999602186722840997e+05
3.324690867339683609e+04 1.570752866325555369e+05
4.030685209454076539e+04 1.972194009703958000e+04
1.880561818694682443e+05 8.005934447309748066e+03
1.286726442034264619e+05 4.270161224520188262e+04
5.039580255293496157e+04 1.896744193731840642e+05
4.271181443574363220e+04 8.098261276481859386e+04
1.525809341207407706e+05 7.444798904667772877e+04
9.741629568374785595e+04 1.838352771513611660e+05
1.385037923884465999e+05 1.567532746389192471e+05
1.263053827906330844e+04 1.539707777064187976e+05
1.581212280379615549e+05 1.165598480977368017e+05
6.031200054027183796e+04 2.568378458605995547e+04
1.311241905555271951e+05 1.447772787071830535e+05
1.230083051379069075e+05 3.338044510052828991e+04
1.311236950333281129e+05 2.703947015585543704e+04
1.496920732700078515e+05 1.058647430136039293e+04
1.775470028076848830e+05 7.450455120575145702e+04
2.022810545684918907e+04 5.124970500432555127e+04
1.190016656734208518e+05 1.856459065057647422e+03
1.722293193414996204e+05 8.083772745052954997e+04
7.982812594219774473e+04 1.898695797404918703e+05
1.428331809995913645e+05 7.399216546935099177e+04
1.974149699031804630e+05 6.979313278377610550e+04
4.422704212492334591e+03 4.125872762914957275e+04
1.711510108465714147e+05 5.244131062792846933e+04
2.486712411590879128e+04 1.226293292863211100e+05
1.645755121307688023e+04 1.819499882177159307e+05
1.354575718108704605e+05 8.334801192359700508e+04
9.914398270371771650e+04 1.866857263206994103e+05
1.401753036173164437e+05 2.438628120630341800e+04
4.436818309129511181e+04 1.600950247559199343e+05
1.140508689464470081e+05 7.125234072216000641e+04
9.464119581193852355e+04 1.137470750187838566e+05
8.190628214896464488e+04 5.894539754196790454e+04
1.275557735411441972e+05 2.102860149278065364e+04
1.531186691513346741e+05 6.452497713656289125e+04
4.498776814468852535e+04 4.548522462802804512e+04
1.138860700045876583e+05 1.631100884793456935e+05
7.175420901203357789e+04 6.541236912351013598e+04
1.733593057426206942e+05 1.146876764965026814e+05
1.705392717219968035e+05 8.020250722258226597e+04
4.289473067724043358e+04 1.376232646006011055e+05
9.256732713480964594e+04 1.927327787604713521e+05
9.593695706499963126e+04 7.984619156915433996e+04
5.153589674648315849e+04 1.748431755470089556e+05
5.879555743155486562e+04 2.118183578270516227e+04
1.436497039397491026e+05 6.271662529612334038e+04
2.194687220838667054e+04 1.297842822084411746e+05
3.633703445260039189e+03 1.530778018989154953e+05
1.453161863124488445e+05 8.807641777584857482e+04
8.135519781686423812e+04 1.397860813635437808e+05
1.039560348513259851e+04 9.577258894945537031e+04
1.048203621095638664e+05 1.961140850328109082e+04
9.809772974240113399e+04 6.324377321656930872e+04
2.560086898967477464e+04 1.906230784180121846e+05
1.182802450941307143e+04 5.984515872392464371e+04
9.141809016468717891e+04 1.874824670271022187e+05
3.908995189096457761e+04 1.759741160387037671e+05
2.365386927822588041e+04 8.501979860116144118e+04
8.557081803590293566e+04 7.968213581844441069e+04
3.192346320816126172e+04 1.152438133265323995e+05
1.611589185934408160e+05 1.029223338722144108e+05
1.636082750464864512e+04 1.410013056186484464e+05
1.005582313307546974e+04 1.028257018923645082e+05
1.775761628128717421e+05 4.259755570893317781e+04
