7.853110550596505345e+04 9.872236090873242574e+03
1.166621089873747405e+05 1.789841276899050572e+05
7.133599033860987402e+04 7.360494530953487811e+03
1.690459361316375143e+05 8.809285243882733630e+04
6.225324069426294591e+04 1.543363266402178851e+05
9.439695570371692884e+04 8.675474455645932176e+04
2.283415226090879150e+04 1.936876229661182442e+05
3.123829430303537447e+04 1.236613153595166368e+05
1.146784202200143482e+05 1.534254079252746596e+05
1.026046345316273801e+05 3.923144068780317320e+04
1.002394422378280869e+05 8.951656063947832081e+03
5.302112983878168598e+04 3.882827960255270591e+04
8.138042650322770351e+04 2.485705060775162929e+04
5.126745370084075694e+04 1.584448818321113067e+05
6.806424886594865529e+04 9.804059146918146871e+04
8.617709383413718024e+04 9.899807973557450168e+04
1.423876578378406994e+05 2.776849898183126788e+04
4.126258869981376483e+04 6.001423052579422074e+04
1.712154294337575629e+04 4.131211666769081057e+04
1.690776077472291072e+05 1.848536781286225887e+05
7.343707400505692931e+04 9.315958626662879396e+03
1.264725350497430336e+05 1.413277687335126975e+05
1.943257023333263351e+05 1.015513188403653621e+05
1.154957611321841978e+05 1.325436979927507346e+05
1.706162004369513597e+05 1.963217328426262538e+05
4.058527190950034128e+04 1.945026368220361837e+04
1.933658777279622445e+05 1.093302606260730099e+05
1.252158575171234552e+05 1.132243442113665806e+05
1.861583194008424762e+05 3.105056022139452034e+04
1.283532066896140022e+05 1.603106826171490247e+05
1.687785540991308881e+04 1.151515113250556169e+05
1.144745314906924032e+05 9.606043538051148062e+04
1.096199261214552098e+04 5.457955746778522007e+04
1.972386971877185279e+05 1.748446340318624862e+05
8.411485945698933210e+04 7.257613786307610280e+04
1.491884842927281570e+05 9.057012923663090623e+04
1.060531327344701276e+05 1.476708626999450207e+05
9.287450901975006855e+04 2.018500304392494218e+04
1.437020114652486809e+05 1.961459297017155623e+05
8.442484684262267547e+04 9.627796260182319384e+04
1.194025273201113669e+04 5.645645397804675304e+04
1.739189698275943520e+05 1.415337085391450091e+05
5.858854330812701664e+04 1.380447961856706534e+05
9.195550967813504394e+04 1.739554029831186344e+05
1.348634677217184799e+05 1.638079738843998348e+05
1.110733335335864540e+05 1.949898881663697248e+05
1.487565840071776474e+05 4.406828061805745529e+04
1.820251984892333858e+05 7.204821160189728835e+04
1.350843151375003217e+05 4.984908959380438318e+04
7.957424191477909335e+04 3.939777483268975629e+04
8.285787120190994756e+04 1.041304433099929738e+05
6.819525445691552886e+04 1.747584897407713288e+05
4.248387810037430609e+04 1.204856660610081017e+05
9.617851365072191402e+04 1.187946049348298584e+04
1.365507555258438224e+05 1.017012549695721391e+05
1.920158309724264836e+05 1.773192043673129519e+05
1.344428778413198888e+05 1.516965566703388467e+05
1.342097062769734475e+05 1.698380334148812472e+04
1.388055601360855508e+05 6.489012522911297310e+03
7.355714459076541243e+04 5.223547981197502668e+04
1.894730647426226642e+05 1.112000279492991685e+05
1.119029314215751510e+05 2.176433675849773863e+04
1.646320072559449764e+05 1.569047219602811674e+05
3.329449061423123931e+04 1.529724688130390714e+05
4.367735164270820678e+04 3.199357705815675217e+03
1.804441940235036309e+05 1.417073205772318179e+05
5.780237981697253417e+04 1.203808003829761146e+05
1.313214532179660455e+05 4.530810178987280960e+04
8.891712195345459622e+04 1.590753519263245689e+05
6.503553343575663348e+03 1.560869346878832730e+05
1.647587432358997758e+05 3.084228350178104301e+04
4.333776422013006959e+04 1.156039576407950808e+05
1.395186933395628002e+05 1.613587206693091430e+05
1.411499704252559459e+05 1.023227962555534468e+05
1.796188600749342586e+05 1.055460192621926690e+05
1.609262400043862872e+05 1.099769126411005709e+05
1.330425866024676943e+05 5.541609821836508490e+04
7.311095242329030589e+04 1.369527901437329710e+05
1.771600358752004686e+05 1.289750071186893620e+05
1.655227377788576123e+05 8.888007628102945455e+04
1.088886776896760275e+05 7.360911326925798494e+04
1.567828291031576227e+05 1.172889518200392631e+05
8.981876853323569230e+04 1.283590316370679502e+05
1.982333609891491142e+04 9.067510748431111278e+04
1.519176717321550241e+05 7.920509868310685852e+04
5.840006888298574631e+04 7.544303773756661394e+04
9.133213225882906409e+04 1.407164370907748525e+05
1.254895192790115252e+05 8.759038090415755869e+04
3.231655646510811493e+04 2.670485232244164217e+04
2.927989476096668659e+04 9.060007746498502092e+04
5.017505168364464771e+04 1.346279275986738212e+05
4.319465890950791072e+04 6.390275921000183735e+04
8.002298502532423299e+04 1.893518007879498764e+05
1.728334809023166599e+04 8.965659988021761819e+04
6.966875091845251154e+04 1.356474697913712298e+05
1.331993912701824738e+05 2.907211946754362089e+03
5.578476055077079218e+04 1.525477208971847431e+05
1.517464045537459606e+05 6.274693357120431028e+04
1.590097208967771148e+05 1.150913454445560201e+05
1.110229418558549223e+05 1.472010683951409883e+05
1.711877951479629555e+05 1.942821608982448015e+04
1.897396404565908597e+05 6.881710375158407260e+04
1.368286493287068151e+05 1.413137656595929293e+05
1.598791696416442574e+05 7.887630723660100193e+04
1.681483393430719734e+05 1.539072911200602903e+04
5.016393326334671292e+04 1.401041399856593052e+05
1.587694755238202561e+04 8.683493589108099695e+04
1.327552003480150233e+04 1.017892429342442047e+05
5.198430517382886319e+04 1.350994545006342232e+05
1.283601056778557249e+05 1.646797683547561173e+05
1.787414939042127808e+05 7.880757794007554185e+04
1.156942944956032006e+05 1.173780494938757183e+05
1.990634763708489190e+05 3.825271925940021174e+04
2.714992656815671216e+04 1.313851423953397025e+05
5.188691521240444854e+04 2.273086357833578222e+04
1.416344617429328500e+05 1.586626168361105665e+05
1.297874115308889304e+05 1.832030385500683042e+05
7.402474528166689561e+04 5.713620067739047226e+04
3.216607746744979522e+04 6.822944463384155824e+04
1.633998144750371866e+05 5.476112222650904005e+04
9.902644712250927114e+04 1.555233672331242415e+05
1.012966427163568151e+05 5.241026034161025018e+04
1.657177092131311074e+05 6.012859762910549762e+04
1.438993389266296390e+03 1.331497413258357556e+05
1.365056141809212859e+05 9.886892774161815760e+04
1.984178529033002851e+05 1.489091172770700941e+05
1.590033750926922658e+05 9.915509768789328518e+04
1.382597197848293872e+05 1.550986029472840310e+05
1.448112468268547673e+05 1.423306016573208908e+05
1.791895173895244661e+05 1.165887686094049241e+04
1.821632882596447889e+05 5.692789474522201635e+04
9.841379223639612610e+04 1.215171706961394084e+05
1.273191904897174682e+05 7.822142599833443819e+04
6.657795709836855531e+04 1.092364569425809896e+04
1.640472777550013561e+05 1.298203414763381152e+05
5.797304744386753009e+04 7.555554886581058963e+04
1.258803574961781851e+05 7.798225570680430974e+04
3.145556751460443047e+04 1.175914774530666364e+04
1.371783310342758487e+05 1.995658356972200272e+05
1.917435148888108961e+05 6.744025033058632107e+04
1.158824074740239012e+05 1.725850551096100826e+05
1.506081570282790635e+05 2.004296137202246246e+04
9.142450500435322465e+04 1.293411805855371786e+05
1.791282901372546330e+05 1.480403239374487603e+05
3.064267151110855411e+04 1.623240950788967602e+05
7.450951016258129675e+04 6.143472475011404458e+04
1.589140727109988220e+05 4.307516778289370995e+04
1.039993373773764615e+05 7.294997133995240438e+04
1.731372716227205237e+05 3.775298196694492071e+04
3.711292818727969279e+04 1.815247691594501375e+05
1.473591295585775806e+05 7.529798525093140779e+04
1.983306783059125883e+05 7.732219165681806044e+04
4.404169683271563554e+04 8.145821938491135370e+04
6.815360947658297664e+04 1.363600912987822085e+05
1.949182020924670505e+05 4.684617458811799588e+04
9.716011288146571314e+04 3.432052252717377269e+04
9.660263189778978995e+04 1.117912931983686285e+05
8.281155539019702701e+04 5.818115641851997498e+04
1.787590477879248501e+05 1.662976360343402484e+05
1.437605667152695823e+05 1.729066337419917691e+05
7.524931891428848030e+04 1.036566539949952421e+05
1.822081839209258324e+05 1.193706243369618824e+04
9.048234816696740745e+04 1.723800754280546098e+05
1.772525008406791312e+05 6.102359987334373727e+04
1.188532859512572213e+04 2.346700848719785063e+04
9.103923468865777249e+04 1.169454788923207816e+05
1.690570005715557782e+05 2.258184291572260554e+04
6.107269741341081499e+03 5.829489521292734571e+04
1.164071845521350333e+05 1.319613389027562516e+05
2.140961225500230648e+04 6.244586769982252008e+03
1.148248101512300491e+05 6.839841417023635586e+04
1.176413461344754614e+05 1.351351459360664594e+05
1.783246459533492161e+05 1.969303115317945776e+05
1.133214955085804395e+05 9.187597879914993246e+04
2.916614502577876556e+04 1.394245889105173701e+05
3.317064245018814836e+04 1.470587230393110076e+04
4.276319655469205463e+04 7.642605172513643629e+04
1.354504736187553499e+05 3.183594373429072948e+04
1.352639019645463559e+05 1.376693379020138527e+05
6.765892868762234866e+04 1.958627382307752559e+05
1.539414952562568360e+05 7.670657196874970396e+04
7.504742709852599364e+04 1.239206044471151254e+05
1.573590137859564857e+05 1.926847288319305517e+05
2.362148120182006096e+04 1.244595248940832098e+05
1.029661132046430575e+05 9.177004822614675504e+03
6.204167174080537370e+04 1.873566313029105950e+05
7.770625923174967284e+03 1.745673422579953622e+05
1.022655287497123791e+05 1.677736839033161459e+03
9.845593807299697073e+04 3.581915522865575099e+02
1.762505575192631513e+05 1.361229078338360123e+05
5.398055748534292070e+04 7.547082861230909475e+04
1.566597159150392690e+05 1.752413717280698474e+05
9.367996633021498565e+04 7.331410826974833617e+04
6.098586189515924343e+04 7.473585502321367676e+04
1.410414434529025457e+05 1.039890728503967985e+05
1.372669407282614848e+05 1.137527379895830745e+04
9.360321536880575877e+04 9.378378949288818694e+04
9.598612737080669831e+03 1.847324569944944233e+05
1.569439901908037718e+05 1.939434589987056388e+05
1.738349658975031925e+05 1.298742639915042491e+04
