1.888495606162392651e+05 3.930268048334892956e+04
1.149159578310271027e+05 1.839460408137713093e+05
1.218672486453153688e+05 3.279544152082012442e+04
6.218234758014895488e+04 2.141620603400982145e+04
1.107193702775584097e+05 4.638075239542742929e+04
6.820418805480841547e+04 1.261862773216645146e+05
1.196111353466774453e+05 1.387610010502761288e+05
1.666884832205294224e+05 9.159738848918172880e+04
1.239067044317862019e+05 1.276987304351274215e+05
2.957216002102491984e+04 1.632617023973400646e+05
1.500999311315446103e+05 1.858935639116224484e+05
1.457339663092719566e+05 6.419205287404634873e+04
1.560748752553288068e+05 1.478344718838034896e+05
2.524212923560318450e+04 6.387802447907387250e+04
3.516722299906744593e+04 1.065067267152830900e+05
1.425079274724778952e+05 7.541036217107412813e+04
1.363703055065938970e+05 8.307561283144506160e+04
4.936948835747523117e+04 1.747469626546697982e+05
6.816940059797682625e+04 1.210732047948523905e+04
5.152876454759487387e+04 1.010154475990173087e+05
9.671561808806061890e+03 7.590476517428876832e+04
1.278187225109924038e+05 1.549733961988794326e+05
6.015052190022749710e+04 7.693191894736226823e+04
1.389598562857277866e+05 1.629277761969132698e+05
1.737757138364305429e+05 2.685888761373589296e+04
4.026785423395207181e+04 2.076966906143411325e+04
1.215261317569715320e+05 5.286668042482145393e+04
1.180814290957321355e+05 1.226447472121557948e+05
1.279902443542902911e+05 1.607523168515334546e+05
1.144622782086000007e+04 5.905018397797920625e+04
1.690362427458924940e+05 7.738018244002564461e+04
1.819164150498426461e+05 1.785401609824515763e+05
3.558016840672797116e+04 1.712769481972002832e+05
1.400524605404012254e+05 1.884122791995730659e+05
1.949074145559080935e+05 7.837503737763693789e+04
7.188093155835062134e+03 9.481444554219246493e+04
5.857469433911561646e+04 5.849307607573243877e+04
1.905393660395533370e+05 1.532042757266768895e+05
1.617544598897604155e+05 1.467137700025323720e+05
1.608116089481224481e+05 7.582555569787045533e+04
1.776885535362965020e+05 1.639842746763811447e+05
1.164370533933847037e+05 1.909731434548742618e+04
4.901423558647832397e+04 6.343115197332749085e+04
1.227257326486031525e+05 5.997774216265283758e+04
7.951902920539224579e+04 1.257671751181008440e+05
1.342492200699530658e+05 1.920656009014826268e+05
1.294159851890422433e+05 1.003412793132202933e+05
4.630611460394962342e+04 1.818285695881843858e+05
1.863248921929708449e+05 1.253193062437438930e+05
5.989408293761444838e+03 6.101361503694358362e+03
1.543804556811712064e+04 6.812343936648717499e+04
1.784604721663553792e+05 1.940660362884288770e+05
7.499352860552590573e+04 9.674485318660565827e+04
1.505536330412011885e+05 1.563557555962826700e+04
1.004945229948093620e+05 4.345522810051720444e+04
3.512108247769294394e+04 6.773961839657956443e+04
9.571303718531840423e+04 6.153834507363575540e+04
6.238989305937181780e+04 1.722910113305498089e+04
1.974609934747639636e+05 4.956880625729532039e+04
7.603525584219266602e+04 1.027579436128770176e+05
5.430651562331982859e+04 2.828598468379857150e+04
6.682032624362755450e+04 7.727403624336996290e+04
1.330335944389255892e+05 4.158628989391486539e+04
4.870148856005132257e+04 8.586141409395392111e+04
1.395382601193517621e+05 4.754550012393332509e+03
6.438865141289107669e+03 8.306461228027603647e+04
1.667702313254657565e+04 1.832302905832332326e+05
1.839073998248127755e+05 1.168422511363388767e+05
1.721401086887817073e+05 2.612836615577956036e+04
6.445978334772495145e+04 1.291552317529516004e+05
1.360781419271239720e+05 1.420588888772633709e+03
1.619396750149437867e+05 4.149210229087692278e+04
1.543478085275387566e+05 1.218726847535885900e+05
7.195244297234516125e+04 9.762687679603976676e+02
1.694918563558858878e+05 4.500035314934420603e+04
1.147147024576333934e+05 2.214834881167460117e+04
1.461619448324346449e+05 7.658304121240340464e+04
1.793377384056582232e+05 1.369838382876634132e+05
9.233503438579826252e+03 1.562112470979001664e+05
1.831103369603215469e+04 1.958861687505128793e+05
4.997896535510593094e+04 2.801689197680714642e+04
5.449768024367711769e+04 1.544833137978882296e+05
1.481689236616535927e+05 1.237488349258078379e+05
1.936393897399755369e+05 2.416603252926878849e+04
1.968030395802528365e+05 1.156664623072822724e+04
2.716053696310321175e+04 1.753573544740414218e+04
7.517902870609128149e+04 3.723446073007347877e+04
1.702398280352331349e+05 5.815692133480923076e+04
1.680612701277139422e+05 1.563335614984496206e+05
3.209095327258193265e+03 1.086417145193345059e+05
1.532599861785713874e+05 3.870048314959204436e+04
5.588959984968375647e+04 2.912793312466670614e+04
1.275215058610297274e+05 1.864002145695984291e+04
9.265664825121476315e+04 1.431762386084980681e+05
9.646904617539630635e+03 3.456240793548235524e+04
6.858200666422198083e+03 1.621136331221630389e+05
1.071242671324772673e+05 7.300288434636332386e+04
2.486089465167462549e+03 1.693381426419945492e+05
1.500663752348467824e+05 2.493984682653798154e+04
4.706121736152253288e+04 3.000684692354020808e+04
1.016861527709173097e+05 1.382770418652880180e+05
1.331794714482511918e+05 1.215954170682345721e+05
5.047850331173620361e+04 1.134543001460241067e+05
1.803177059629264113e+05 9.851948879347014008e+04
8.518569874909469218e+04 1.193293117305773194e+05
1.835396141164955407e+04 9.467313235918732244e+04
5.926591437980488081e+03 1.705520102539583168e+05
1.881182581711641978e+05 4.078530795428778947e+04
1.169138416981914779e+05 9.408323409398322110e+04
3.489895581693196436e+04 1.730380936504472629e+05
1.703668456966261147e+05 7.098636452159217151e+04
5.405607327081307449e+04 6.344968722123973566e+04
7.065144393391831545e+04 1.170699606019324856e+05
8.887203365214084624e+04 1.413640953921829932e+05
6.603331231573608238e+04 7.899998644393919676e+04
1.237776798149219539e+05 2.504172767239409950e+04
1.141191336606947298e+05 6.095041761022321589e+04
1.074304803553204401e+05 4.618585793362119875e+04
1.135454604838847008e+05 1.828743115374282643e+05
7.727130643032003718e+04 1.261570773953634634e+05
1.435610069401651563e+05 3.487875202622456709e+04
1.160746554166232963e+05 1.244386254338343715e+05
1.354398200584725419e+04 1.850745461235514667e+05
4.341304143540431687e+04 2.702678570609389135e+04
1.345349709605912503e+05 1.318775966481690120e+05
1.969919195803463226e+05 8.445760597466978652e+03
1.459207202173896076e+05 1.925179387115475547e+05
3.059012603521562414e+04 6.993753837499146175e+04
8.413243522181863955e+04 1.169343678774652471e+04
9.053321855198426420e+03 1.736375695943837127e+04
3.260297125237092769e+04 1.971274219573741721e+05
1.490565953765890154e+05 1.422852825561981881e+05
6.209410605158589897e+04 2.387498176226456781e+04
5.571710566697267495e+04 7.996570482072806954e+03
1.355917816772374790e+05 1.619437541957896028e+05
3.820254211652409867e+04 7.713155151659436524e+04
9.279115852424080367e+04 7.559284273826016943e+03
1.887755176358549797e+05 6.286889846232726268e+04
2.366110824512526233e+04 1.124478197425778635e+05
1.677209428403514903e+05 1.737567884201392590e+05
9.945761789931428211e+03 6.869447702902715537e+04
7.219707003630491090e+04 1.307623334009880637e+05
4.022581242516225757e+04 8.328271800877348869e+04
1.095636030210196186e+05 1.134498744880746672e+05
1.060774906271559448e+05 1.423477059444147017e+04
5.610066344462036795e+04 7.401295039874782378e+04
1.548095008039849636e+05 1.878708426430354302e+05
1.972427600283756328e+05 1.893347617500925262e+05
1.215777836304126249e+05 1.285852408596934692e+05
5.037764335678019052e+03 1.667361183436006831e+05
1.547988618994066783e+05 1.928543187041548954e+05
1.087729587997066556e+05 2.801160761650034328e+04
2.650195387824929639e+04 7.403661967494536657e+04
2.690141953624653979e+04 1.147193339270917058e+05
9.712448591474816203e+04 8.730907119038765813e+03
6.779187501007509127e+04 1.373567292474356364e+05
1.214209697392632370e+05 5.400636316478222579e+04
4.635869922610640060e+04 1.742784966002262372e+05
5.625548054722948291e+04 3.327892709995092446e+04
1.797866040034196340e+05 1.681444044928810908e+05
1.388128594983917428e+05 9.135119973481999477e+04
9.453099259032448754e+04 7.260170320884580724e+04
1.430821893401355192e+05 2.143820240121030292e+04
1.722090139639257395e+05 1.547554503761017113e+05
1.122600886176548374e+05 8.849401232801399601e+04
1.475198655545956863e+05 9.571563838357926579e+04
6.275163417871294223e+04 6.989033445708488580e+04
1.061174747436227190e+05 1.614505307143118698e+05
1.201173189642175275e+05 1.850251378088624624e+05
1.923285834757718549e+05 9.371855070437084942e+04
6.342858609103610070e+04 1.522585904836518748e+05
5.423530455719261226e+04 1.859844190355058236e+05
1.099243608502137504e+05 1.220502805548612523e+05
8.420190753741911612e+04 1.310991719644976838e+05
4.243156285161711276e+04 1.863686728395342943e+05
8.204735150169928602e+03 2.835237378955994791e+04
5.641412883154916926e+03 7.296835601995803881e+04
1.862732608011236589e+05 4.970719767375824449e+04
8.497866885167750297e+04 4.862594971572575560e+03
1.680108561544319964e+05 1.744275753178897721e+05
3.826397763404565467e+03 7.730338763740005379e+04
1.126483799933634582e+05 6.689179383610383957e+04
1.132773380063829827e+05 1.724851618032665283e+05
1.869671030731583596e+05 6.013230368259268289e+04
2.963360426687668951e+04 7.916547474842457450e+04
1.027673159187222191e+05 1.698108724269744998e+05
7.047592045123277057e+04 1.310839311072946584e+05
1.416815771028933814e+05 8.758587758832496183e+04
5.000371178826168034e+03 6.619842320236004889e+04
8.153543257236099453e+04 8.203193154838275223e+04
1.680356510061046574e+05 1.229784330245083111e+05
1.812716059026292642e+05 1.400591435659331910e+05
2.140205518230376038e+04 1.097312785526302032e+05
1.820046479248120741e+05 1.621638113488242670e+05
7.625087524862572536e+03 5.948753384558469406e+03
1.482361348010712209e+04 1.086290173340887559e+05
1.893691673039503221e+05 2.928162049713274246e+04
1.006674911594235891e+05 6.936356152515663416e+04
1.889189048262876167e+05 1.451809370624276926e+05
1.876985676026843430e+05 1.183537429539835139e+05
1.689732776318675315e+05 2.699551605210181879e+04
1.975133473653810506e+05 1.661219577837408287e+05
1.947778459391090728e+05 7.668273915337408835e+04
1.100190252819609013e+05 8.505752517952932976e+04
1.216090573202068772e+05 4.172043376161520428e+04
1.929115880864778592e+05 1.553816174598788493e+05
9.964682794361148262e+04 1.780347991907659161e+05
3.020035222188881380e+04 1.795685072155655653e+05
5.792216627945503569e+04 6.942335415935089986e+04
6.819131938604572497e+04 1.059178186697571509e+05
1.359331306170534845e+04 3.301552160591656138e+04
1.357901679959619651e+05 1.580343449597423605e+05
1.400715997345704236e+05 1.642832148788774794e+05
1.764314669505637430e+05 1.560109763369318971e+05
1.764629170242307009e+05 1.717517247670392680e+04
1.933107347272518673e+05 7.721867271369219816e+04
5.575921345320020919e+04 1.335223829058095580e+05
1.971473132223255816e+05 1.000051961411860975e+05
1.063901280178679590e+05 3.419996227273462864e+04
1.099762107888970495e+05 1.908915471824917186e+05
9.963092879009393801e+04 2.386141797217502608e+04
1.340468467262725753e+05 9.623699375136951858e+04
2.176154651919068783e+04 7.941312948767631497e+03
1.192472988030763227e+05 7.154604286872022203e+04
1.803326453470404667e+05 1.409793269287061703e+05
1.482019495937165339e+05 4.608417357180267572e+04
3.265237060771910546e+04 1.739908604073151655e+05
1.054710652249871055e+05 1.618491807714002498e+05
6.786673265295810415e+04 1.668617202750064898e+05
1.244434809170593071e+05 1.331849851465543616e+05
1.142885563443119900e+05 1.222768170111486106e+05
4.161560734978069377e+04 7.906117845608272182e+04
9.018615921824339603e+04 3.766649895769116119e+04
1.156756280151933170e+05 1.875464694799751160e+05
5.083075640951238165e+04 1.697873091004925955e+05
1.830383936326301773e+05 1.449673651910326735e+05
5.692865759866360895e+04 1.909319073911877058e+05
1.228897949171658256e+05 1.397422172700502269e+05
6.406112925002431439e+04 3.021370514360372908e+04
1.698646944792854483e+05 1.274537295033040209e+04
5.450577096972372965e+04 1.311764550336977409e+05
9.163576505544428073e+04 1.526292700433563441e+05
1.603271779222591140e+05 7.473148639480731799e+04
1.597893369654206908e+05 1.239926217175467755e+05
1.273132459251054024e+04 1.130276518618577247e+05
2.058078307082449464e+04 6.502996237290123827e+04
1.016399742263451190e+05 1.005083367158726760e+05
1.554042413754023146e+05 8.977844005977488996e+04
3.355879041715017229e+04 6.393288557405454048e+04
1.391927249313701468e+05 7.436817661726236111e+04
2.183413616701619321e+04 4.282566683745372575e+04
4.052168156563282537e+04 4.085734737088180555e+04
5.610564331976899120e+04 1.647826655604640255e+05
8.597272744290203264e+04 1.177939915596430365e+05
1.479243328294882376e+05 1.259027688346649811e+05
1.513733024012270325e+05 6.276284346664786426e+04
3.184343992507692019e+04 1.967496488819625520e+05
1.074155085243648864e+04 5.528401925900822971e+04
3.978969179800860002e+04 7.568756606304538764e+03
1.545515876995329454e+05 1.688937928512788130e+04
8.443490862092620227e+04 5.433453183336522670e+03
5.715235825351543463e+04 1.487674507477587758e+04
7.077856615992399747e+04 1.832982379436170158e+05
1.714427397608653991e+05 4.905140937213703182e+03
1.305478562501551205e+05 8.081461617936260882e+04
1.429317866549073369e+05 4.090021463451100863e+04
1.133046340592506604e+05 1.653352327665316261e+04
1.529325294335029612e+05 1.718364791445361043e+05
2.775974434019896580e+04 1.539652507861412014e+05
9.230422155688966450e+04 4.803948582464510400e+04
1.295176004821316747e+04 1.050923613140107627e+05
1.283039409616048943e+05 6.834912713551578054e+04
2.191277415575072519e+04 9.105110642283369089e+04
1.647967439851857780e+05 1.639228994892835908e+05
5.190872981261365203e+04 2.363928660667764416e+04
7.175051848002156476e+03 1.537127059653730248e+05
1.205054040835410706e+05 2.797212518898311100e+04
1.864911277681571300e+04 1.012804440473194845e+05
9.862995820894569624e+04 1.938883639795643394e+05
1.492971097851217783e+05 4.890573669040272216e+04
6.636003957369673299e+04 1.229187949034826743e+05
6.281629952678884001e+04 4.731845205369484756e+04
1.025067821000025333e+03 5.207251707175593037e+04
1.183592093123146769e+05 1.752560565759884485e+05
9.391922921283812320e+04 1.007330581194228143e+05
5.678015419657676102e+04 1.105966571491820359e+05
5.465134858143590100e+04 6.483044118893681298e+04
1.166453408692822268e+05 1.395378422002932930e+05
6.284683028195845691e+04 1.171491296472967952e+05
1.951634726381976507e+05 1.342222568413026747e+05
1.444382463933719846e+05 4.620920972541438096e+04
1.534035353822048637e+05 1.059398255486633279e+05
8.256548055113555165e+03 4.060187028475448460e+04
4.061638712577322440e+04 8.347894166315176699e+04
1.497541709527997009e+05 4.940208362783293705e+04
1.901498721488483134e+05 2.138752956292777526e+04
8.797399619607149361e+03 1.017511811403981847e+05
7.509612824555984116e+04 1.052098015306633752e+05
7.625282598311240145e+04 4.330240350256903912e+04
1.862749765141148528e+05 1.949055546382801549e+05
1.618930801827061514e+05 1.945838101933328144e+05
4.802710342771631986e+04 1.010127300572487584e+05
3.976488430088809400e+04 1.911222075248228793e+04
1.544150538565891657e+04 8.870206093178794254e+04
1.011566126600481366e+05 1.580585061210364220e+05
1.537207366707965266e+05 1.844159125858884363e+05
1.071506420687279315e+05 2.872224395952245322e+04
8.620117941034473188e+04 7.107639042503091332e+04
7.757936021903666551e+04 1.299721364192490000e+05
1.147156622544969432e+05 1.695831660331978055e+05
4.971823632311922120e+04 9.806711579568298475e+04
1.812212629074016004e+05 1.621848645014760550e+05
1.201221066768958262e+05 5.403616071315357840e+04
1.630124503935080138e+05 1.872525052093190316e+05
4.749506971227099712e+04 1.715715211746625137e+05
4.557378808734693303e+04 3.746193166567275330e+04
9.282267314893286675e+04 9.160427239724704123e+04
2.968237417578716122e+04 1.714315313713879004e+04
1.580202294689666014e+05 1.146522746196263470e+05
1.038873607113537000e+05 9.982567904340970563e+04
1.366430627715370501e+05 6.873028755499834369e+04
4.682015703712907271e+04 6.964834111404289433e+04
2.711798803657612370e+04 1.836291491045026632e+05
2.808484253634924244e+04 1.494005162219447957e+05
1.903347460589855327e+05 9.744034662187848880e+04
1.798633208703598357e+05 1.530872226817500195e+05
1.689340041623964498e+05 1.946959666837932891e+05
1.813360659527930256e+05 8.985480478160499479e+04
1.579827168785207032e+05 1.119951479673929134e+05
1.282787460065944178e+05 1.339856116267731995e+05
1.731570263868489419e+05 1.730174769630947267e+05
1.954883390559506370e+05 1.774260949837470544e+05
4.519335764904502139e+04 1.682700056046550453e+05
1.660063609193873999e+05 1.108443478754457028e+05
8.620803105899623188e+04 1.031677111797546559e+03
1.532908240089560277e+05 1.725421332805259444e+05
1.872995676078753313e+05 5.981065627452087028e+03
8.445621220898634056e+04 5.418069817832125409e+04
1.419778318136249145e+05 1.161176739600123401e+05
1.973479803217538865e+05 4.674497575314730784e+04
4.841674959765125095e+04 3.251302627753176421e+04
1.899110086519416946e+05 1.942765647328904888e+05
1.416267914360683644e+05 1.349575197469978593e+05
1.350695190704728302e+05 1.999191023805053555e+05
1.522254647685404343e+05 1.291853564957553317e+05
1.331230999317090027e+04 1.134918279655624065e+05
1.227948553795430416e+04 9.707847491342495778e+04
8.794459968128906621e+04 1.011657369423333730e+05
3.750947389293404558e+04 7.399066347375404439e+04
1.831370499155824655e+05 1.343680396794908156e+05
1.257775378389879916e+05 1.032126873241147259e+05
1.428719191180760972e+05 1.508272838252640213e+05
3.544229757309042907e+04 6.626878345431255002e+04
1.543906560666255536e+05 1.586280143079165719e+05
1.556135242447866185e+05 6.950006130624859361e+04
1.116613918991622486e+05 1.887320874732099182e+05
1.526435149481699336e+05 1.083859419919093125e+04
1.403012854329370602e+05 1.763638019319074519e+05
9.587226653800994973e+04 2.895767900586196993e+04
1.676767939452035935e+05 5.780476888223688729e+04
9.974670779575960478e+04 1.020773167173938564e+05
5.237615554605596844e+04 1.245035597327120340e+05
1.659164729122312856e+05 3.999520135881022725e+04
1.436055661989374203e+05 6.350093608060047700e+04
1.955589215410257748e+05 6.115717358611654345e+04
6.693619853818681440e+04 1.614288458310436108e+05
7.662383190664798894e+04 1.345220740321298945e+05
1.788087847306847470e+04 8.304671253307718143e+04
1.121604638025806635e+05 1.969274710405685473e+05
1.717160060706480581e+05 1.648582988829408132e+05
1.737336572510859987e+05 2.722723948641274546e+04
2.495275225513264741e+04 1.613247248925277672e+05
2.702667653553676428e+04 3.733278150850032398e+04
1.207852997527262341e+05 1.632532819095037412e+05
5.089448671042422211e+04 1.351232069194659707e+05
1.590199976466902881e+05 1.041905179824444349e+05
3.476560864466942439e+04 1.787189764768053137e+05
2.287789817287417827e+04 1.187053599242425116e+05
9.471432262642298883e+04 8.899667904253394227e+04
7.452477359695055929e+04 1.739809685067458486e+05
2.276561671665948597e+04 4.421559119630425266e+04
2.217330430665338645e+04 9.294746364887214440e+04
1.693779399274488387e+05 1.528321534519506386e+05
9.982935642607646878e+04 7.071829681895060639e+04
3.819909320850738732e+04 9.982839836525438295e+04
1.879415361464531161e+05 2.605891635062711430e+04
1.933325963304023899e+05 1.936900801079164376e+04
1.724614059087901260e+05 1.338434071711165307e+05
1.671015193411101063e+05 1.890853286116225354e+05
5.620963214550691919e+04 1.960671183828761277e+05
1.497903994228686788e+05 8.961248059403883235e+04
1.277274910263718630e+05 2.207874816797739186e+04
9.450612581883798703e+04 7.900689644830381440e+04
1.109904814945713151e+05 3.687336299046604108e+04
5.590708638899149082e+04 1.127865389906967903e+05
1.568253837834111182e+05 1.816562382006146654e+05
1.326116357264653780e+05 6.527144225732039922e+04
8.457351153889681154e+04 1.037308797269125353e+04
1.035210497421601904e+05 1.239327818953509122e+05
1.574774218861353002e+05 7.424053025498209172e+04
1.288063927896273526e+05 1.075017441918665572e+05
6.257972082980980485e+04 4.253981544454243704e+03
3.408053341962224658e+04 8.336435944864995236e+02
1.659418470205902704e+05 1.843629541937042959e+05
6.862608109596651047e+04 1.924084089892296761e+05
1.795409980439810606e+05 1.586521656033634827e+03
1.698749366966962116e+05 1.223599478659409579e+04
1.957566260614382918e+05 1.930623833051031397e+05
1.542007755446150550e+05 1.919004864357377519e+05
1.358408324460523727e+05 1.363331616469380388e+05
4.747826493736542034e+04 7.606197624175759302e+03
4.505517326997077180e+04 3.627609942412843520e+04
3.115130955188891676e+04 1.755031442938055261e+05
1.831792103140068939e+05 3.737654665104517335e+03
1.638072454145605443e+05 1.016889112925922745e+04
8.972475356274814112e+04 9.334796685788084869e+04
7.009390231652290095e+04 5.599379286446173501e+04
1.647172923943737696e+05 1.188543014625620126e+05
9.872263234194713004e+04 1.740503076091545518e+05
2.649682367602464001e+04 1.372353307169859763e+05
8.865399700597792980e+04 1.722862194914868451e+05
1.059827245909280173e+05 5.480194107064930722e+04
1.840259810436299304e+05 1.417566823678627261e+05
8.446103676700631331e+04 9.591040979027537105e+04
1.922738731845373404e+05 4.404771507789218049e+03
1.103926913812336352e+04 1.503750523251241539e+05
6.275695358249286801e+04 4.431860370618903107e+04
1.686678940849517239e+05 1.911666281870607054e+05
1.398812296759957972e+05 1.035295019118509517e+05
1.030196825896676455e+05 1.580091053208698577e+05
3.363006952681204712e+04 7.352004301800347457e+04
4.900633584720217914e+04 6.931673857540191966e+04
1.459033381049632153e+05 1.753673263664673141e+05
7.546099569137232720e+03 4.719708527294272790e+04
1.501387504281239817e+05 1.916314271132678259e+05
3.745416299798365344e+03 1.711745537324962424e+04
1.505269324329902593e+05 1.338444705260991468e+05
2.348957437816339007e+04 1.905243952937154609e+04
1.964024974680081650e+05 1.035572196106675692e+05
1.193428769465156656e+05 1.346014114415493386e+05
1.739809145870704670e+05 4.383129994055358839e+04
5.059046106526670337e+04 7.012674927381354792e+04
8.253437658626277698e+04 6.157423454022561054e+04
9.759757819874237612e+03 1.981648465096215077e+05
1.215350290453143680e+05 7.580000852295718505e+04
1.561444060723567090e+05 6.445094785548994696e+04
9.260693195492379891e+04 4.703448439734285785e+04
8.505197648911732540e+04 1.581382183647927886e+05
1.968045251047546335e+05 8.020125697336826124e+04
6.930717257627219078e+04 7.086148234046694415e+04
1.310645087248228228e+05 1.502229079915400653e+05
8.402116033428652736e+04 9.377585593095891818e+04
1.136142497410108481e+05 1.183886643224875152e+05
4.875100830890033103e+04 1.874100871243292349e+05
4.551102509933668443e+03 1.267277470446216612e+05
8.390109329700401577e+04 7.216168065391902928e+04
4.056703553817997454e+04 1.371437252778906841e+05
1.871076902694839373e+04 1.717958682206019876e+05
4.135713693215406238e+04 1.020346133862381539e+05
7.269131590867369960e+04 2.628417361273030110e+04
7.095573329466723953e+04 4.050319605384364695e+04
1.191525831116227782e+05 1.536359724504572805e+05
1.474779097815692949e+05 7.661853775742791186e+04
7.238675623255490791e+04 2.852697599657914179e+04
3.805867919458630058e+04 5.726906226755557145e+04
4.462548266976953164e+04 1.946720413838580425e+05
1.322508846340924210e+05 1.733494036248172051e+05
1.210616867916887568e+05 1.300888850681867189e+04
8.590742075867540552e+04 1.158479851475473988e+05
5.844175454908864049e+04 3.037913283052604675e+04
5.319873981108078442e+04 1.969642095432329515e+05
6.845238603626917757e+04 4.067513776595846139e+04
1.715738512687044276e+05 1.548719038856431725e+05
3.918349059518791182e+04 6.544506370350917859e+04
1.967674665720576013e+05 3.108092355741374195e+04
1.666176620250382402e+05 1.091036011061927275e+05
9.121118843365798239e+04 8.086626709340456000e+04
1.659508736530261740e+04 4.356998644889400748e+04
5.594725824155098235e+04 1.379334858319476371e+04
3.906159689229393553e+04 1.432371214987318090e+05
9.971576316713719280e+04 1.957330351704942877e+05
1.271940272131827078e+05 6.041718745088708965e+04
2.686797760901178481e+04 5.715453424862899556e+04
5.987542388138795650e+04 1.518494413804590877e+05
1.305726270020610718e+04 6.470730444431338583e+03
8.835555336833000183e+03 1.789477431117145461e+05
1.936815347231526684e+05 1.013170246271826763e+05
1.985921287407800264e+05 8.785151080708297741e+03
1.595580100595247350e+05 4.917961460531206285e+03
2.631103761368343112e+04 4.648836442632165017e+03
2.419317073105884265e+04 1.493209036555039347e+05
8.234239219474176934e+04 1.725440226777924399e+05
1.635731398457112082e+05 1.807306725220401713e+05
1.324906738751614466e+05 1.137309682160235097e+05
6.740837181953787513e+04 1.492960516601387353e+05
7.605852867827919545e+04 6.329641140016928694e+04
7.916034673664593720e+04 5.164531400712311006e+04
1.105801505655653164e+05 1.878093182542705326e+05
1.813243350872088340e+05 2.323843063483066362e+04
4.410519182081762119e+04 8.128056888086221079e+03
