1.963363214735715301e+05
6.583395982094320061e+04
1.494944343527498422e+05
1.748378914262162871e+05
1.441823439666655031e+05
7.540922298144747037e+04
7.716486779711926647e+04
3.522881651756117935e+04
1.402337464436090377e+05
2.030383066193190825e+04
3.023094167453577029e+04
6.923687921561131952e+04
1.813062547931230802e+05
1.153516476556029229e+05
1.422788093689422203e+04
4.276207105798532575e+04
5.153682111743895803e+04
4.500717940009682206e+04
1.976363780623169441e+05
1.895871911656385055e+05
8.952634470126443193e+04
1.899933141810623056e+05
4.010621885532994202e+04
4.467596262066419877e+04
6.520864055394550815e+04
7.277300148652977077e+04
1.626682586348336772e+05
6.360301433737980005e+03
7.043186780691418971e+04
4.427928946234025352e+04
1.962066044781533128e+05
1.533639123582925240e+05
1.473032046174598217e+05
1.104768513055947988e+05
1.403304835404042387e+05
2.724113540997727978e+04
8.166366390089389461e+04
1.501275988810154377e+05
1.798048779130387411e+05
4.996998225762172660e+04
1.015154657767631143e+05
1.079894107391559373e+05
4.261836266609524318e+04
1.799543434865610907e+05
3.232852544770605891e+04
1.148145244365380640e+05
4.022617951448936765e+03
1.635246384740321664e+05
1.368609508201997669e+05
1.734272065141964413e+05
3.532318083248988842e+04
1.643981254124905390e+05
1.408890160985326220e+05
1.844944894672620867e+05
1.499190437320051715e+05
1.574933982832820038e+05
1.285503765798179666e+05
3.256827354567106522e+04
1.191678044066282164e+05
1.859183692445996567e+05
9.091452419106454181e+04
3.494563352845725603e+03
4.445455221068594983e+04
1.989746747591992025e+05
2.631607784473215361e+04
6.995137721049427637e+04
5.875325391703037167e+04
1.762852814483647235e+05
1.211962668540976301e+05
1.779766252194065892e+05
5.485788469768435607e+04
4.865880365142327719e+03
1.955744397654749046e+05
1.880005972863986972e+05
1.130398650593413622e+05
1.366988286126504536e+05
1.891570302655166597e+05
5.008750935187587311e+04
9.067815292751439847e+04
1.268782815709060815e+05
1.247956742375153262e+05
1.833276514966526302e+05
8.264127778346750711e+04
1.069595742972686639e+04
1.442406257825372450e+05
1.132419168535367353e+05
1.998041907868326234e+05
1.322581289943272714e+05
1.482492133676613958e+04
5.063105540980177466e+04
9.641141144948641886e+04
1.113864152227981249e+05
1.508136481460548530e+05
1.296343415813054889e+05
1.102428553914241493e+05
7.588457443442597287e+04
5.917583195496039116e+04
3.774782544920771761e+04
3.833250570457955473e+04
1.133445503262822167e+05
