1.273792219972225430e+05
1.782841972051761113e+05
1.944575905701286101e+05
1.610255935018031450e+05
1.093848194504630519e+05
1.087134479841939756e+05
1.775834812003273983e+05
1.761292077865932661e+05
1.042541936950497329e+05
1.212474105618457397e+05
4.513048373227079719e+04
1.560907042273356637e+05
1.616276235428518557e+05
1.284041107532336609e+05
9.460646833231333585e+04
6.156183741725556320e+04
1.576681570239361608e+05
3.392897649807542621e+04
1.065311390611440584e+05
6.467454261422971467e+04
1.300058712864937261e+05
1.025566618148242414e+05
3.031428685493915327e+04
8.699509308445070928e+04
8.896998597266760771e+04
5.749720442528154672e+04
1.372979275762366888e+05
6.330801517731410422e+04
2.736413009704414799e+04
1.011096625946126442e+05
1.716343221777186263e+05
7.483986483528677491e+04
1.216516083535018406e+05
5.289994718255459884e+04
9.320939663931711402e+04
5.005941052871678403e+04
3.378826775559176167e+04
3.106628631069354742e+04
1.770828409492668288e+05
1.535571066781103436e+05
1.347908418350594293e+05
7.386693935951194726e+04
1.079700004907404655e+05
1.769500394688305096e+05
1.264112810991015867e+05
1.862261553544388444e+05
1.853387900885866547e+05
6.989721469436549341e+02
5.584711728059288725e+04
8.214109762113764009e+04
1.880309881670160976e+05
1.394488600361534627e+05
1.175571047851005278e+05
1.080280992660873599e+05
7.670144977040865342e+04
7.626846008615412575e+04
7.866266517444523924e+04
1.978423143953712424e+05
3.022579201771942098e+04
4.079074629683916282e+04
1.098246806639267015e+04
1.153853499701424880e+05
3.842500004569220619e+04
4.193542960161434166e+03
3.906175195631447423e+04
1.719492289454774291e+05
8.707778142402929370e+04
2.080558040284710296e+04
2.631640633617968706e+04
2.491506653315114090e+04
3.877113670306995482e+04
9.890389109468497918e+04
9.677269876655880944e+04
1.060348438338507549e+05
4.456085116041599395e+04
8.250420315122976899e+04
5.057705671194432216e+04
4.208485966071335861e+04
1.570957710236839193e+05
1.834747909182721341e+05
6.615480299487493176e+04
1.167193712861986714e+05
1.167780607090796548e+05
1.737905353540975484e+05
1.660001667723060818e+05
2.036106745316794695e+04
3.361143669765476079e+04
1.538456795005665335e+05
4.531650430769984814e+04
1.519988033576790185e+05
1.537001740946049104e+05
5.960157541332911205e+04
2.450603569103004702e+04
1.623278949925961788e+05
9.886006083958342788e+04
1.822628822306672810e+05
1.574789454499935382e+05
1.571975415150786866e+05
9.835848985310980424e+03
1.840821524430318968e+05
4.268199036813669227e+04
6.340491518227724737e+04
1.103850045397931681e+05
6.041860083313328505e+04
2.998583838732398362e+04
7.459249564339307835e+04
8.506511677777805744e+03
1.292016296938879532e+05
1.652955610245221178e+05
4.515723533290188061e+04
1.876198602111822984e+05
7.972261708830355201e+04
7.266006342692348699e+04
5.689363426242237620e+04
5.962349576537011308e+04
9.476922643063569558e+04
1.582903424562434084e+05
1.467064215479930572e+05
1.257208238845259184e+05
1.984877604215781321e+05
7.265318611826763663e+04
1.269909441108577448e+05
1.395593505652837048e+05
1.150716090032576176e+05
1.641503476734929063e+04
3.062677434963210180e+04
1.119163555169707251e+05
1.150019092024703568e+05
1.599644850038787408e+05
8.387241406031087536e+03
1.920873657655835559e+05
4.100135978866852383e+04
6.128562628633256099e+04
7.204902321494277567e+04
1.391945372624654847e+05
7.684789756659435807e+04
7.394858134120132308e+04
1.797987876883681747e+05
7.797824294062734407e+04
1.086412757830558839e+05
1.808359282141552249e+05
8.827185172225533461e+04
1.390416289779366925e+05
2.975783943188452395e+04
1.769847060913220921e+05
2.299789587877037047e+04
6.247102570705911057e+04
1.622369730492389353e+05
1.410870674382179277e+05
9.307773968489341496e+04
1.836092282894438831e+05
9.788659945252280158e+04
1.176136735224276927e+05
3.017542460833946461e+04
1.654665092861955054e+05
1.912696760358492029e+05
1.534440420344158483e+05
7.240420082081202418e+04
3.450932527802745608e+04
7.427361098351517285e+04
1.230256981963202707e+05
1.404305412508333975e+05
1.458392130296446267e+05
6.421588069069872290e+03
1.605603375739718904e+05
7.352383111319596355e+04
1.752906752548397708e+04
2.108251057854704413e+04
4.159902966551789723e+04
8.266210665723007696e+04
6.068369361590713379e+04
7.370946263649660978e+04
1.364640758635482052e+05
3.740356525181098550e+04
1.938810202269999718e+05
8.079750921167114575e+04
1.060099441512362537e+05
1.124352746062287333e+05
6.116659895091509679e+04
1.717168134750440950e+05
3.238031525811781830e+04
6.760112781623526826e+04
1.643344092638913426e+05
2.108006647087095189e+04
2.355842535754502023e+04
1.292857498832065758e+05
5.637794407317935111e+04
1.708166913479394279e+05
8.339969765074837778e+04
1.069506473719776986e+05
2.992631509881748934e+04
9.579459613175831328e+04
7.805406427408976015e+04
8.913561253029200088e+03
1.112050829884128143e+04
8.232809865181574423e+04
1.210402811420963699e+05
1.140734582964920701e+05
8.710517138962764875e+04
2.085340309682726001e+04
1.264405538559090928e+05
1.614828276921174547e+05
4.014039007407835015e+04
7.495198818670735636e+04
5.010937852698611823e+04
4.117417942179783859e+04
1.485445962730133324e+05
2.453103343931062409e+04
1.619633820675340248e+05
3.538575978789899818e+04
1.051233712626276683e+05
1.342984786957542528e+05
1.240826344303769292e+05
2.823312126025703401e+04
6.808201210904984327e+04
1.066919791415265208e+05
1.394520700607329200e+05
1.229595260272177402e+05
9.000384167513651482e+04
1.302942886814596422e+05
1.356397955171671056e+05
3.495234193046772270e+04
5.589363168276078068e+04
1.820860970739526238e+04
1.003075627393922769e+05
1.231414701648675837e+05
1.196657892177877366e+05
6.901519153161082068e+04
1.244914818453164189e+05
6.992361466143660073e+04
2.464217423121481988e+04
6.522640635363763431e+04
3.885979601615410502e+04
8.666056850947909697e+04
6.032242067212525581e+04
1.202984465687096090e+05
1.161243981467334743e+04
1.972387611144712428e+05
1.833976262715934135e+05
1.973266824613719364e+05
5.981218806546500127e+04
4.228440452384074888e+04
1.529083642840324610e+05
1.198447038316852995e+05
1.553836774042673351e+05
4.439769302013085689e+04
1.268160403202403249e+05
5.311033878833748895e+04
4.573578636965915939e+04
8.023483602727168181e+04
1.307330560533346725e+05
1.684651851054577273e+05
9.599937637084641028e+04
1.870771464627088862e+05
1.356393348762653186e+05
1.213426205549958249e+05
1.481604925722379121e+05
6.175704440420102037e+04
1.913653217307108571e+05
1.359856843175007380e+05
3.651544796267871425e+04
5.280998888426316262e+04
1.532574495349030185e+05
2.657115905056903648e+04
7.275058714516246982e+04
4.629604529328481294e+04
6.069643729475689179e+04
6.831773403691920976e+04
1.450215383011832455e+04
1.652226761302559680e+04
1.983226696485879365e+05
2.519949971247890062e+04
1.014249655699043651e+05
1.972869423927201715e+05
1.531501999050432059e+05
1.087400085428049642e+05
1.163729737406593777e+05
1.543323867571860901e+05
9.214078230705586611e+04
1.655836023549127858e+05
8.624240910604270175e+04
1.083053726927193347e+05
1.475614928680068942e+03
1.533793276518096973e+05
1.745818710192442522e+05
1.060381689803874324e+05
1.568325592112219310e+05
1.205719729057878285e+05
1.790868529196002928e+05
1.987494400125948305e+05
3.357336659524756396e+04
1.909349580317650689e+05
1.919409490064681449e+05
1.737738290861698624e+05
1.333322202904036967e+05
1.070196690472992050e+05
9.149417443680872384e+04
1.791505369622886064e+05
1.142813969784869987e+05
1.779964682213486522e+05
1.235310292706203181e+05
1.353847584416516183e+05
5.106805685992699000e+04
1.118955214738134964e+05
1.175990437909216562e+05
8.715824724576412700e+04
1.765393550102660665e+05
7.928265673612698447e+04
3.899332779162132647e+04
1.232924283914845582e+05
6.663934683346537349e+04
7.134580892647505971e+04
1.804414216641701350e+05
2.747677162633270927e+04
1.899581659781038761e+05
1.956687024258969177e+05
1.242489842347997910e+05
1.186346252147653286e+05
1.781274209812009649e+05
9.651659806990186553e+03
1.257734132333046582e+05
6.032306186674661149e+04
5.125121667288290155e+03
8.824628814715755288e+04
2.474537887740688893e+04
1.408968722900360881e+05
1.016934104326571542e+05
1.821669442773541959e+05
8.379344363212908502e+04
1.802925134469661862e+05
7.220833332184304891e+04
7.913629933504768996e+04
1.476372602927118423e+05
4.306508486693005580e+03
1.162866202867115062e+05
6.242567685047495615e+03
1.308796344818447833e+05
1.855202359440594737e+05
1.470749891588871251e+05
9.268007343078312988e+04
7.214467463651645812e+04
1.879040980662267830e+05
6.743478921768876899e+04
9.700228980182533269e+04
4.320829904658787564e+04
1.278389883299571084e+05
1.034777691405885707e+05
7.631770577938563656e+04
2.304917698768398259e+04
1.320866345811230713e+05
3.231363005440179677e+03
1.672795032527216827e+05
1.270319932241217321e+05
1.215374070629242669e+04
7.941579771636031182e+03
1.516022722771546396e+05
1.880306806561463454e+05
4.501385855755701414e+03
1.336330720289749734e+05
7.833808625630073948e+04
1.224944238343635079e+05
4.655948205187874555e+04
4.784434818763867224e+04
3.049175393334095861e+04
1.207720083574352175e+05
2.695143543973512715e+04
1.573411846475326456e+05
9.336562469472427620e+04
6.467651110261485155e+04
6.247364632476735278e+04
2.330449916429304722e+04
5.778584958546573034e+04
3.688524034286555252e+04
1.410444459516586212e+05
5.291036957217181043e+04
1.666760290042614724e+04
1.891708099675364210e+05
1.183418517335250726e+04
3.006276646448131578e+04
1.965869675868238264e+05
1.989902194990131829e+04
1.475309183648398903e+04
1.195043426403461781e+05
9.078731592961896968e+04
5.264699216052683914e+04
1.886956025244797347e+05
8.371836452545960492e+04
4.969081769446950057e+04
1.019664287647351593e+05
5.615990565990132018e+04
2.750831263362931713e+04
3.384851349470741116e+04
4.894135854273100267e+04
9.739780841693896218e+04
1.974524235308118223e+05
1.914653269773397769e+05
1.250946436241673946e+05
9.435881045664445264e+04
3.718000608030429430e+04
1.460572388976728544e+05
1.843250066154297092e+05
4.580106611640248593e+04
1.787173264553428453e+05
1.401930643865470192e+05
2.163286083608069021e+04
7.582181324047718954e+04
1.521048222296051390e+05
6.468364362098033598e+04
1.994631249286328093e+05
1.734937787753109005e+05
6.243050368588853871e+02
7.097164339984166145e+04
7.623327482729105395e+04
4.230783708522300913e+03
2.111859749932698469e+04
2.094067996063770988e+04
1.168090299947530875e+05
7.932241328189837805e+04
1.458305143484965811e+04
1.682712770527944958e+05
8.293689049045553838e+04
4.723010879168177053e+04
1.305090984149571887e+05
2.404861657257313345e+04
1.008658264516173658e+05
7.552848237411864102e+04
1.913443736400647031e+05
1.386266998694030917e+05
1.481814480445724439e+04
1.488294586434151861e+05
1.463600575235594006e+05
1.740174587987242194e+04
2.097202478033950320e+04
3.706678947564325790e+04
1.568796251790661772e+05
1.480569882541974657e+05
5.175135775928556541e+04
1.614567158656943939e+05
1.704793195041785948e+05
1.142566663788448786e+05
1.320944422146281795e+04
1.319472092814699681e+04
1.999619570949597983e+04
1.682402961161969870e+05
1.975988709531614440e+05
4.377084272859100020e+04
1.954377012824793928e+05
1.244019627818765439e+05
1.487796999325287761e+05
1.879327380647694808e+05
8.863655382800174993e+04
1.096450725762297807e+05
1.464986159793479019e+05
1.167708260467528271e+04
1.184439657048352819e+05
2.515796356986572573e+04
8.995455801194356172e+04
1.364513882633274479e+05
1.230546022451220779e+05
1.329888504791625892e+05
2.560915051447547739e+04
9.369273939345324470e+04
3.718043467657970177e+04
1.197732682915210462e+05
1.511169129069764749e+05
9.488978920944363927e+04
1.703455963404372742e+05
1.023514677770207491e+05
3.947709052422732202e+04
1.812024128095014021e+05
1.381016533269381325e+05
1.866805432471310196e+05
8.074074924069271947e+04
2.582903559305280578e+04
8.952090486843434337e+04
2.889656329115197764e+02
5.872812131582558504e+04
1.133371484399009496e+05
1.881343571741806227e+05
8.901277337789062585e+04
1.073274886780061934e+05
2.619375725733861327e+04
3.139260861840180587e+04
1.894312557243590127e+05
1.128422850826621434e+05
4.859020167466306157e+04
1.894667356094223214e+05
1.013380215314021916e+05
1.950707158610960469e+05
1.177720670497663232e+05
9.427177324185156613e+04
1.391658008344296541e+05
8.511562842823738174e+04
5.862931337734822591e+04
1.665842997207755980e+04
1.611958930114922987e+05
7.185363375855065533e+04
1.638469559182196972e+05
1.939018449243029172e+05
1.884348885013285326e+05
9.050560328144840605e+04
1.575901177760656901e+04
1.108215709550859610e+05
7.892296632532532385e+04
1.432675674329294998e+05
3.662556136418828828e+04
1.664382568226919393e+05
1.616564809639633750e+05
1.425056908387864532e+05
9.796838190501931240e+04
1.446003651940550189e+05
4.050784007519858733e+03
1.528780340852730733e+05
1.369941543124620221e+05
3.655511051313813368e+04
6.041724751800099330e+04
1.335961826532392006e+05
1.459578655249497679e+05
6.381089935061619326e+04
5.311277573035935347e+04
2.537871765686479193e+04
1.780079981146797363e+05
6.915222733259698725e+04
1.716990854906778259e+05
1.792821799198999652e+05
1.571426237813836196e+05
1.995320251298468502e+05
1.968317198965832940e+05
1.352230300317144720e+05
9.355861690692792763e+04
1.142354709720858591e+04
2.628335830392538628e+04
1.742179923944644543e+04
1.430803882989839185e+05
3.288514015584091976e+04
1.204746964111196285e+05
1.147203505672248866e+05
1.128913868811228604e+05
4.258592238343456847e+04
1.022886763850394054e+05
1.165762706598829682e+05
4.729785402763675847e+03
3.126802288167522784e+04
1.798982909492491162e+05
8.884223112251106068e+04
1.991133066276726022e+05
1.635240471967378398e+05
1.971232490892066853e+05
1.604131359153070953e+05
1.381649920731827442e+05
7.107440620370383840e+04
1.290972259596604417e+05
1.862891451345790410e+05
1.506509943958552903e+05
1.241061757460124645e+05
1.789014103174915654e+05
6.178904478628433026e+03
8.346931494744222437e+04
1.577504584843303019e+05
1.090896286397592630e+05
1.979771949947296234e+05
1.151609021830701386e+05
5.294856935025702114e+04
1.791678908200533442e+03
6.990748152219125768e+04
8.529580550736932491e+04
1.413788692630431324e+05
9.612156226142540982e+04
1.811812586204721301e+05
3.796128161687916872e+04
3.189384987263699077e+04
1.084937265118744108e+05
1.592426487754361588e+05
5.398043596006960433e+04
1.202642663217891968e+05
1.507795903371731110e+05
5.684736431235726195e+04
6.462598518987472744e+03
1.946005296767181717e+05
1.735544292213215376e+05
1.948035930391373404e+05
1.478388428725294943e+05
1.689798054493088275e+05
2.691540140198358495e+04
1.550504920918600401e+05
1.894707646242789342e+05
5.005869522922059696e+04
4.123394961964141839e+04
1.135709220759730852e+04
1.913136324379426078e+05
1.675458661433134694e+05
3.733919554253984097e+04
1.410286936163345526e+05
4.979402289908385865e+04
4.053490309779150994e+04
1.042581142546030023e+05
6.793551958942513738e+04
2.153235256551819839e+04
8.723093532977355062e+04
1.196244468102679384e+05
1.384549141565168393e+05
6.233946607644668802e+03
2.946187531407850884e+02
8.532627462153485976e+04
6.932888728579478629e+04
1.605044183907909028e+05
1.462588961341519025e+05
1.094114503086649529e+04
1.731935352139976458e+05
3.713244889440565748e+04
5.857099259840077139e+04
1.941236276374478475e+05
1.919169826377682039e+05
1.796360329348015366e+05
1.205203841430454195e+05
3.871161074637672573e+04
3.319087832416509627e+04
3.330083373789898178e+04
5.841731482966652402e+04
8.462302374902280280e+04
9.077405530475001797e+03
2.536502563105555964e+04
1.405471542692144576e+05
3.998418873936908494e+04
1.566154608533557039e+05
3.853639247179674567e+04
1.996703518159926462e+05
1.539682861942714662e+05
4.515174089418166113e+04
1.813823168457418069e+04
4.220456293646950508e+04
2.777994697069381436e+04
8.276369586209542831e+03
1.039159189459752524e+05
2.301912593444557206e+04
1.620652768264748447e+05
1.677118310275855765e+04
1.155913374164201377e+04
6.073409987485134479e+04
4.661376426116632501e+04
1.106866463097655505e+05
6.587666609348128259e+04
3.586257227941213932e+04
9.591009860374471464e+04
1.329742763540354790e+05
1.073696458405067388e+05
2.414538869420632545e+04
8.773875956406755722e+04
1.919596474673457124e+04
1.750896122483214131e+05
1.881470016868439852e+05
1.673091541531762050e+05
8.540452284207822231e+04
1.058606887409838673e+05
2.947307516610682069e+04
1.848940571430519922e+05
2.412299028714515225e+04
1.670842010274943605e+05
1.048035193786762247e+05
1.234415068783178140e+05
9.544514768865890801e+04
9.329107707258097071e+04
1.734610131800136296e+05
5.376137432652816642e+03
1.701318529830368061e+05
5.512048392348489870e+04
6.468747637204847706e+04
1.460232600975361856e+04
1.436285336583081807e+05
1.573617745674243197e+05
8.804816101280042494e+04
4.009012912108620367e+04
1.453745383517550363e+05
1.329502337274264210e+04
1.990705880791193340e+05
1.988866826405778702e+05
9.539973997478914680e+04
1.175282052859118849e+05
1.743457779234807094e+04
4.345793532559878076e+04
1.902299732729639800e+05
4.618618477316687495e+04
1.271527299173047941e+05
1.522583145693939296e+05
1.973043744363796213e+04
7.745026784600428073e+04
9.338295570561161730e+04
3.979927215082350449e+04
1.456613336075336847e+05
1.284709994226727031e+04
1.718120755283642211e+05
1.230885456662643701e+05
1.131022608133452886e+05
7.419007758159020159e+04
1.748267262197762611e+05
1.953190865090253938e+05
1.441534128335269343e+05
1.790644021174055815e+05
1.401933593960299331e+05
1.338951881433990202e+05
1.458102618652929086e+05
1.200534436205406964e+05
1.782657435770425363e+05
5.320637238693017571e+04
8.292947123914997792e+04
2.551337198729419924e+03
1.851126283294188033e+05
9.697892480880119547e+04
1.034398975182047288e+05
5.082235007602231235e+03
7.226855429639840440e+04
8.716083219935916713e+04
7.456325379214405257e+04
3.850650419326218253e+04
1.906224315063602626e+04
1.270769013547727372e+05
1.201435749579339754e+05
1.552920180978562566e+05
1.194572086583873752e+05
9.053575592591123132e+04
9.515443573170245509e+04
1.776894805751548847e+05
8.255782683622196782e+04
9.332494532788322249e+04
1.686513825109475874e+05
1.269728714514856401e+05
4.108525993877718429e+04
9.930748621736292262e+04
8.254666551178390364e+03
2.804703066449674225e+04
2.366201779533840818e+04
1.419059486372942338e+05
1.933740932626065332e+05
7.857462048599799164e+04
1.870235575071887979e+03
3.485160228843893128e+04
2.139882024145389551e+03
1.496403167926874175e+03
1.384651869603402738e+05
1.718502721832715033e+05
8.924223895886442915e+04
6.388225200258839322e+04
1.103782306594856054e+05
1.613393562040654942e+05
5.830258268194703851e+04
6.018634472684425418e+03
3.139059156696408900e+04
6.804401858862969675e+04
1.740799363247384608e+05
7.403849313314945903e+04
1.577852686837284455e+04
1.803571932125866588e+05
1.941685359686989977e+05
1.147825698347389407e+05
1.298457751022720040e+05
2.438462220433232869e+04
9.346187189613150258e+04
1.586248880541793187e+05
7.977584665070567280e+04
7.902603540620126296e+04
1.227633781490612455e+05
2.742130275249436818e+04
3.510892900183657184e+04
8.554130434478592360e+04
5.321238593170783133e+04
1.833219075225168781e+05
1.624304210814779508e+05
1.001065294337401720e+05
4.801302910253832670e+04
2.701150678704422717e+03
8.801902696905628545e+04
1.585698755847603024e+05
1.274354857487799163e+05
3.073845110031061631e+04
1.304528678557050989e+04
1.839769748900404666e+05
1.804964217784620705e+05
1.813181941209528304e+05
1.471637639713183453e+05
7.796992066055652685e+04
7.384628003888836247e+04
5.729070921375756598e+02
1.780040292553936597e+05
2.312983121586083143e+04
1.164567333229048672e+05
1.100161818497287604e+05
1.645054812912613852e+05
1.963127132336269424e+05
1.230360016185996064e+05
6.616016511666378938e+04
8.057192018378923240e+04
9.650586478931953025e+04
3.836137319932730861e+03
1.945669238131604216e+05
9.475500091903719294e+04
3.362556565020164999e+04
5.352542535226792097e+04
8.340643098518038460e+04
1.550510909395861381e+04
1.929755805660666665e+05
9.267570509813689569e+04
9.950661388989642728e+04
5.524914905908864603e+04
1.864817800346524455e+05
1.187939904894216743e+05
4.940969405491513317e+04
4.602290679292751156e+04
1.841670674330116308e+05
1.018265502176639420e+05
1.928379264897853718e+05
7.604267121193846106e+04
1.609981962641759019e+05
3.658001134460346657e+04
3.150234981069106652e+04
1.596903228778967423e+04
7.196745029067703581e+04
1.212610823028540617e+05
1.768504975177113665e+05
1.846242260359461943e+05
1.911616575459769520e+05
1.434991686075111211e+05
5.104761135873714375e+04
2.912036394247885710e+03
7.039950647207438305e+04
4.826315865315371775e+04
1.006330446515993681e+05
8.442727636476166663e+04
1.259418223924998019e+05
1.420095168832700583e+05
1.841221741876638844e+05
1.245781423684491019e+05
6.476178017623548658e+04
3.187918974939678446e+04
1.493850020090912294e+05
3.987199921469297988e+04
2.397990121828987685e+04
1.366927003912529908e+05
3.919235717582885263e+04
1.081635997452234960e+03
1.144527724367901246e+05
9.242190672353585251e+04
6.904197555291076424e+04
8.005213663205885678e+04
3.843221975786254916e+04
3.394419551658818091e+04
1.632333475504688104e+05
1.990945074642873078e+05
9.279361637734562100e+04
1.957215702518783801e+05
1.049964936947007664e+04
3.107600299321595594e+04
7.292827083892689552e+04
7.841787619656484458e+04
1.365160484055065608e+05
3.896378871311265539e+04
1.160639006796060858e+05
1.072075998235608713e+05
5.607855483340485080e+04
1.408541362292949925e+05
1.365093289714596467e+05
1.254764575780644227e+05
8.432417337262476212e+04
6.304521645747720322e+04
2.364076678640343380e+04
1.490078395406411728e+05
1.347408619659057586e+05
2.033165844251445378e+04
2.507224345826894933e+04
1.468409451614057180e+05
5.836179925588580227e+04
1.446409420340321376e+05
6.143952454931980174e+04
4.715844033768523332e+03
1.071807779068092204e+05
4.509347713246891544e+03
1.055637040757329960e+05
1.458507574665328684e+04
4.461718607444677764e+04
1.886807458943178644e+05
1.579535269155327405e+05
1.776390873738114897e+05
1.920194378353850334e+05
8.257065964266803348e+04
9.802943528887107095e+04
2.710397235494403867e+04
6.160880693979973148e+04
8.658022299359673343e+04
1.494078004367824724e+04
2.091524666303466074e+04
1.156911519930613722e+05
6.513953502644991386e+04
9.217287766090611694e+04
1.071285063921735564e+05
5.715104777302248840e+04
5.225870656365250034e+04
5.901398292797053000e+04
4.519286289709019184e+04
1.565747994254177320e+05
2.334702336985445800e+04
9.520782638203988608e+04
1.946964232073652965e+05
5.740266700208456314e+04
1.573988063933631056e+05
1.693797335869646049e+05
6.498703241385325964e+04
5.202591984244000196e+04
1.333828114629861666e+05
1.585271328241477022e+05
5.155930177659583933e+02
4.568932910230773996e+04
1.300141566932005517e+05
1.853445331447370991e+05
1.278201453851245460e+05
8.827404129559340072e+04
1.851554870144093002e+05
1.261485933421447844e+05
2.741442315662294641e+04
1.048201725043988117e+05
1.574544775908883603e+05
5.664917951684060972e+04
9.414859111313955509e+04
9.069588560248987051e+04
1.200760393688100012e+05
8.137664568841671280e+04
1.865841383726052009e+05
1.180486801603266795e+05
1.639955218590054574e+04
5.851091995227066946e+04
8.803015300490391382e+04
3.101159329709015583e+04
3.455188089869701071e+04
1.873783161230186815e+05
1.227443704077553848e+05
7.764777210892547737e+04
5.562810689633255242e+04
1.529135079075026151e+05
5.436822398732139845e+04
8.860460898474797432e+04
3.054102670272476098e+04
1.085935814949997293e+05
1.114196385398915008e+05
1.137133472268638870e+05
3.975219970805737103e+04
2.793458332509441971e+04
1.030599655901250517e+05
1.079183344004176324e+05
4.120931126483100525e+04
8.712262860735702270e+04
7.990755912391378843e+03
8.578869332013477106e+04
1.786545171386501752e+05
1.886992777505581616e+05
1.537999268552977301e+05
7.120925212809169898e+04
7.199727552889408253e+04
1.599369876169172130e+04
2.234996086046814162e+04
1.685236605060640723e+05
1.162201488151508092e+05
1.674457747872456384e+05
7.959074552279199452e+03
7.074479931281422614e+04
1.557434848255364341e+05
3.226059328469572574e+04
1.354749807065829518e+05
1.434367298978405015e+05
9.689073414819035679e+04
8.088145292506125406e+04
4.425264323550590780e+04
1.922336222203657826e+03
9.501638656215771334e+04
1.065195327069525774e+04
1.654635584183767205e+05
1.347095203504372039e+05
1.961922691786937648e+05
4.580002171676866851e+02
6.937664817290632345e+04
7.246430941119232739e+04
5.400191162825689389e+04
1.097193553979455464e+05
1.779578075625654601e+05
1.974158478583081160e+05
1.277298635345642542e+05
1.228325118400148931e+05
1.342470346208447882e+05
2.288383831135698529e+03
7.218388133637879218e+04
1.214761013882226325e+04
1.568208688984821783e+05
1.654745722816890338e+05
1.732570540762887686e+05
3.137178447801321090e+04
4.100454203434202645e+04
9.049612637846692814e+04
9.290262573207264359e+04
1.473134271019919252e+05
1.082085239428882596e+04
9.550674829061260971e+04
2.281620289948720529e+04
8.415666763909623842e+04
