1.361249044981901534e+05
1.074981141970273020e+05
1.330461259504472546e+05
6.298608095025974762e+04
6.351664766224354389e+04
8.168255444951051322e+04
3.984781794337712927e+04
7.498428736978597590e+04
6.117830161542534915e+04
1.423695746720818897e+04
9.385680120886395162e+04
9.501500834873022541e+03
1.901582706919448683e+05
1.554024558396958455e+05
1.945301488130257712e+04
1.226791659043188847e+05
3.840444078337121755e+04
6.457819249299707735e+04
8.465472492205197341e+04
4.451515607535095114e+03
1.821911463372733269e+05
8.716782633738884761e+04
1.400262305036689795e+05
1.298237503987560922e+05
1.826683146403189749e+05
1.822125038219663256e+05
3.325470066444433905e+04
9.970496421534332330e+04
1.551775119325795677e+05
1.866519362327159251e+04
1.135712229207538767e+05
2.436922057447476982e+04
3.185677765836851904e+04
3.219344801406545230e+04
8.719336777508615342e+04
8.736545997183311556e+04
9.065225100028479937e+04
1.981844660145777452e+05
5.548829416939058137e+04
1.480273489208772953e+05
4.337497387502424681e+04
9.681727403188700555e+04
1.727854322298265470e+05
1.083463276972620515e+05
6.892142384390264851e+03
1.902361866121684434e+05
8.040125199310564494e+04
1.607454186251315114e+05
3.177148831520208842e+04
3.753044664246978209e+04
1.627448936696887249e+05
1.076718251149567222e+05
3.831491281950969278e+04
8.129867386933595117e+04
1.068411108307105460e+05
1.245231847860140697e+05
1.797169838626394921e+05
6.148039678742220713e+04
1.540923177965560171e+05
1.314111114524676523e+05
8.940139121173392050e+04
9.678538769405367202e+04
1.973817223635066475e+05
1.138883666854966868e+05
1.205600602939427772e+05
1.024661542940003856e+05
1.576290662349387712e+05
1.682949030298443977e+05
1.234786302630050050e+05
9.331486978138114500e+04
1.235095365803273671e+04
1.985253786384392588e+05
1.670555814967775950e+05
1.917036596860735444e+05
1.893480416279080828e+03
7.842859492272367061e+04
1.362274288443201222e+05
7.881197015763190575e+04
8.941258230493857991e+04
1.608565542860423157e+05
1.595663422416807734e+05
1.148267116831223248e+05
9.630143662039158517e+04
7.312965195722560748e+04
2.972167883642169545e+04
8.940193758804799290e+04
1.107142982311155647e+05
9.078957093712245114e+04
9.466018683136736217e+04
1.695969231403314625e+05
1.624372787954259838e+05
1.867677377347572765e+05
7.091477015448006568e+04
1.406397417665816611e+05
9.268603297640185338e+04
9.894479109423310729e+04
3.166412787746619870e+04
1.688664951889204895e+04
1.508702243106272945e+05
9.287302714510989608e+04
3.999460018617808964e+04
2.356764513173312662e+04
1.392999596625341219e+05
2.702942307975795120e+04
1.476586766744270572e+05
3.770939811948470378e+03
8.152381094995293824e+04
7.988979809116887918e+04
3.665974736633259454e+03
1.997913235147534288e+05
1.418510464992488269e+05
2.935425899709016448e+04
1.659931172272840631e+05
8.627617627870298747e+03
1.844736167430793284e+05
1.729836748813532176e+05
1.162559375918602600e+05
1.775617244472019374e+05
1.375714669508466905e+05
7.661930779985505797e+04
1.004730909628993977e+05
1.732749717098765832e+05
1.452577751817572571e+05
1.047221610769267136e+05
1.980949319656444277e+04
4.693916760056924250e+04
1.569772874281035038e+05
8.380908100255906174e+04
1.406078855628432066e+05
1.455659942360460118e+05
1.789101701157404750e+05
3.689024392451090080e+03
6.985293525920997490e+04
1.348199001866802282e+05
1.634493385264868266e+05
8.585558679933172243e+04
1.376030337087688386e+05
1.825255379923672590e+05
1.268600112211269297e+05
6.454441094587417319e+04
6.813503133207002247e+04
1.097440861692042527e+05
1.849896014366488962e+05
1.208533512999734085e+05
3.712543719328275984e+03
5.853026289364237891e+04
1.632395006323468115e+05
1.778161512508052401e+05
1.314288147630451713e+05
9.372036473588188528e+04
1.315431804491290532e+05
1.975097288906523609e+05
5.174831207662125234e+04
8.710134763621875027e+04
1.699976541402982839e+05
6.905668354446520971e+04
8.778514728453781572e+04
3.049001956941443950e+03
2.458296581288710149e+04
4.677015541002349346e+04
1.774576467800025421e+05
1.225163180268583674e+05
7.155367532164331351e+04
2.559735599683916735e+04
1.900690177399596432e+05
5.280766578463227052e+04
4.742323300664754788e+04
1.968827369247121969e+05
2.717202409416030787e+04
1.846952106337343575e+05
1.476189407963680278e+05
4.502217501914544846e+04
1.802002327796030440e+05
4.608807404401604435e+04
1.272335462850083422e+05
4.050917446960917732e+04
6.790125043630519940e+04
1.485824215823701161e+04
1.355326857658758818e+05
7.572057903930069006e+04
1.261748810181657900e+05
3.828320195336783217e+04
7.060170156944863265e+04
1.011290751627823774e+05
1.388024491510802472e+05
7.202544595369353192e+04
4.147348866849807382e+04
1.276186583949784545e+05
1.971328490662545664e+05
8.849412426800689718e+04
8.821535867686154961e+04
6.472663904397930310e+04
6.267390534630999173e+04
1.768976069223493687e+05
1.999961533094315964e+05
1.629236326347684662e+05
1.956699077385977143e+05
1.262658497179104161e+05
1.108743955934047990e+05
8.450074323086006916e+04
