1.477606014939966262e+05
1.202961610716484283e+05
1.807272523589204357e+05
1.930113364235693589e+05
9.047083795232711418e+04
1.846305412313766647e+04
1.141427668839996186e+05
1.567856867367722152e+05
1.689215117575732293e+05
1.135923802167382382e+05
8.683257293471801677e+04
1.893364277483069454e+05
7.804708170411085302e+04
1.608368388313565229e+05
1.446968026052090863e+05
1.854729644702326550e+04
6.676411568757379428e+04
5.572318920225045440e+04
1.003750838945241048e+04
1.712180199766922742e+05
7.289134393299345902e+03
1.860928880005862447e+05
1.476297306858959782e+05
3.802043050237413809e+03
1.509007676758270536e+05
4.546039394342800369e+04
3.734064229457978217e+04
1.451239268516791344e+05
1.919637765853796736e+05
1.844790535434172780e+05
3.611172599731628725e+04
9.431543250963424725e+03
7.679156745712521661e+04
7.480991823390137870e+04
1.106207228152151511e+05
4.666822622299368959e+04
1.345831618371604127e+05
1.390551651682168012e+05
8.750573041780796484e+04
1.307010295496404724e+05
1.914881492318411183e+05
1.805362761927631436e+04
1.495838639581716561e+05
1.166518410337431123e+05
1.792415560104984324e+05
1.704731859523947060e+04
1.151651627261833346e+05
1.100453374328614300e+05
1.935668697407929285e+05
1.821959924806128256e+05
2.189041929348973645e+04
1.252503400385276618e+05
5.367538803720936994e+04
1.883571422651001485e+05
6.650065966000624758e+04
6.538019129073211661e+04
1.159230818610769202e+05
1.271759579380806972e+05
9.454793770902950200e+04
1.362524209370838653e+05
1.065053393793170544e+05
1.556724966696221672e+05
2.278986669093430010e+03
1.742943442055409105e+04
1.593286109330918043e+04
3.783548528510785400e+04
6.861787469891970977e+04
1.565571030581773375e+05
6.042756255696990593e+03
1.910842083086592538e+04
1.699632888129650382e+05
3.281877700141728565e+04
1.041335832969639887e+05
5.827290543068897023e+03
9.948283278092961700e+04
1.869922716241749004e+05
1.462849913036837534e+05
1.008817073826719425e+05
1.883307332763034210e+05
1.036455729785991716e+05
1.154892458711087384e+05
1.192387970246231271e+05
1.661884502169351035e+05
4.746479700399288413e+04
1.354513970594500424e+05
8.082699900723586325e+04
1.196806464146268117e+05
1.297463359780576284e+05
1.750418335237288265e+05
5.455580228949287994e+04
3.921423696347432269e+04
2.123333760478547265e+04
9.775750527975924342e+03
6.586382949629343057e+04
8.772032923452772957e+04
9.428301852993326611e+04
3.706462077785221936e+03
1.475157403507455601e+05
1.659128495128086943e+05
1.753401335281267529e+05
7.047134743023748160e+04
1.565722409554948099e+05
9.899468293736144551e+04
4.382547510640724067e+04
4.789801618019730813e+04
1.694633719169451506e+05
1.160617329546357505e+05
7.369200585632509319e+04
1.483753761369371496e+05
5.850158947297805571e+04
1.710905996776367538e+05
2.284865046397763945e+04
1.024634286628378732e+03
6.782369685480221233e+04
4.546783820959696459e+04
1.216310650303614239e+05
1.865650029729807575e+05
9.458252618042759423e+04
1.979833994810477889e+05
2.933367585171273822e+04
2.674716883216705537e+04
9.263164034233668644e+04
1.871760363085761201e+05
8.022737222761059820e+04
1.421694120973986282e+05
3.895734463577293809e+03
1.240531881087458896e+04
1.470214610138680728e+05
8.295130711118485488e+04
5.029784668151602091e+04
1.542842872773197887e+05
9.787589864398381906e+03
1.301818247074176761e+05
1.079325105189580063e+05
4.963484184883588750e+04
9.852878685050948116e+04
1.592277959791043249e+05
1.715034700359108974e+05
6.328244162224885076e+04
4.124533684070604068e+04
2.185814422682486111e+03
1.191109345018970926e+05
1.129438812815597430e+03
1.340370835264737070e+04
3.923488337148090795e+04
6.355193551448814833e+04
1.705160428822494869e+05
1.622747938177054748e+05
1.591022047193237522e+05
1.923773976708213740e+05
1.509992284630624345e+05
1.533082565868488455e+05
1.172973233940662176e+05
4.091365081049989385e+04
1.512704466561098816e+05
5.819255970262504707e+04
1.373868886461243383e+05
1.846166228512280504e+05
1.193250058484175679e+05
1.065212151023419428e+05
6.702681664682223345e+04
8.510753684900508961e+04
1.269260109585004975e+05
7.192104869042505743e+04
6.731117598289351736e+04
1.963683029298915062e+05
1.772178157438052294e+05
1.941307534444902558e+03
1.206415538473337947e+05
1.091438619612244365e+05
6.244434733928341302e+04
1.215596533267975901e+05
1.587616327274966752e+05
1.367451782032007468e+05
1.240983180319579697e+05
1.940834344196570164e+05
1.673447695527141041e+05
1.423913855182356201e+05
1.970732739997892058e+05
5.901168630069721985e+04
1.171232204338225565e+05
1.002497211631968094e+05
7.880734105880174320e+04
8.536432749846807565e+04
3.882010414496934391e+04
1.014620915160166987e+04
1.289885269303743407e+05
1.756187432101545273e+05
5.712597718942129723e+04
3.730230683738475636e+04
1.168086648690678267e+05
1.681928768963054463e+05
4.773684095732327114e+04
4.784938821983739763e+04
1.805766457187874767e+05
1.876621489191979927e+05
8.392544877994431590e+04
9.840971240184787894e+04
6.125693626940929244e+04
5.462739515503877919e+04
8.203678827939428447e+04
1.576041371251430974e+04
1.556312078401229228e+05
1.171203548732888303e+05
4.957096357917265414e+04
1.838888669663285546e+05
1.879514570297043829e+05
1.394814467203200038e+05
1.079272189718881127e+05
1.597970756504281890e+05
4.028736206600363221e+04
1.054093482187418122e+05
1.638936178529797326e+04
7.308183822106037405e+04
1.934684672738715017e+05
1.995454553496693552e+05
3.135447661373731535e+04
1.956813468619653431e+05
7.475337565322792216e+04
1.189876588753126562e+05
8.662380246057233308e+04
2.454882265178273155e+04
1.370310024838880345e+05
1.325479920967592625e+05
1.449024396943160100e+05
1.750165909726723912e+05
1.796834269990230678e+05
1.489465665688548179e+05
1.866177274702163995e+05
1.922329781697047583e+05
1.382176533158353122e+05
1.874840899851167342e+05
1.471769660932570696e+05
1.373352040758205694e+05
1.975673952041878692e+03
1.082464310197322629e+05
1.681432216476843460e+05
4.994280694803474762e+04
4.637057837950653294e+01
1.649925227661258250e+05
1.039920805724828824e+05
6.921013819368180702e+04
3.850587072329712100e+04
5.873660265947651351e+04
1.058686072496205015e+05
1.182142726303064410e+05
1.686614227921607089e+05
1.631005459456869285e+05
1.860374787187672337e+05
1.347037359565542429e+05
1.710210639288769744e+05
9.952413274090204504e+04
1.505994049689966778e+05
9.656488277321522764e+04
1.841333043988853460e+05
3.535163417981106613e+04
4.020347964498482906e+04
1.719574713748261856e+05
9.239164786856290448e+03
7.390732178151144763e+04
6.472803922532406432e+04
2.911082834796900715e+04
1.659096278360115248e+05
1.845116653075741779e+05
8.741366345713139162e+04
2.851177163668783123e+02
6.879523764304049837e+04
1.766085541829169379e+05
2.557743838527881599e+04
1.153773683270127804e+05
1.433035447007511975e+05
1.397995278168942059e+04
3.258001319243142007e+02
1.338916549434114422e+05
1.212571673238991352e+05
7.132041009078851494e+04
3.907661688303809342e+02
1.916499137593984487e+05
7.804014985288056778e+04
1.728860593160786666e+05
1.517251930219939677e+05
1.600009120262612123e+05
1.147674468419139157e+05
9.344508208994354936e+04
1.899389278113102482e+05
1.233837329280010163e+05
1.670762504110834270e+05
3.511554140242560970e+04
7.469286584319861140e+04
1.287209989551365288e+05
1.744087684199261712e+05
9.670160144160156051e+03
3.859834128078438516e+04
1.944233455432396149e+05
1.360346421257133770e+05
9.500687735750986030e+04
1.059078685286174441e+05
1.313454769926848530e+05
2.826721240817391299e+04
1.234719950163759640e+05
1.938704302387653734e+05
7.301635428917274112e+04
1.857536086685756163e+05
7.250333931698916422e+04
1.438917116841795214e+05
1.648856529201209778e+05
1.119684908360933332e+05
1.348686323650303530e+05
1.828528459802494399e+04
8.378193518057082838e+04
1.116095357597668917e+05
1.249701310825827095e+05
8.434369062402402051e+03
1.057983266394750390e+05
6.087424317160705687e+04
1.600234260001976509e+05
1.460535991477827156e+04
1.006983803290291144e+04
1.239969237383484287e+05
7.106250865047999832e+04
1.439913482934552303e+05
2.858432296354010032e+04
1.689207039691059617e+05
1.803806962342549814e+05
1.971366758210535045e+05
7.805371256117519806e+04
9.250532213183335261e+04
1.575507196696887549e+05
1.590884393290812732e+05
5.647786561060926033e+04
1.624118203477401694e+05
5.269683060232008575e+04
2.296446758341295208e+04
1.164091066257365601e+05
6.658451179047664482e+03
1.687800548927851196e+05
8.009547182194984634e+04
3.060543712262888585e+04
4.294279558321254444e+04
1.818300793396598892e+05
1.640590273416917189e+05
5.247888851855078246e+04
1.255813547024736035e+05
2.539594279414305493e+04
7.483092028227513947e+04
1.233195751396198903e+05
1.724093361936622532e+05
1.600927354018810729e+04
1.943899417915221711e+05
9.992545338436920429e+04
5.031779804981617781e+04
1.513487689905583684e+05
1.849598902634447441e+05
1.623267584436880134e+05
6.959069450969662284e+04
1.697956127330007148e+05
1.183377058360142692e+05
1.721849558968046331e+05
1.964753409610397939e+05
2.009843165092271011e+04
1.447380722401088278e+05
7.515983764906896795e+03
1.175160204777117906e+05
1.086696680161400000e+05
1.794509539619787538e+05
1.417166111235670687e+05
1.747973566493602411e+05
1.820950369351680856e+05
4.152118062729055237e+04
1.319027414100640453e+05
9.289272206693803309e+04
1.478794955523469253e+05
1.458318687776389124e+05
4.555386404625070281e+04
3.507346581414365937e+04
1.158395560795226047e+05
6.705458862311470148e+04
1.177658765953704569e+05
2.327401226352092635e+04
1.724621393925178563e+04
1.630802272939160175e+05
1.475989871372763591e+05
1.448508184107626148e+05
1.114234561049391050e+05
3.276684777526941252e+04
2.691438674051091948e+04
1.488596191581967287e+05
2.489883353156185876e+03
1.043642191295439407e+05
1.245491938066343864e+05
8.438235485125111882e+04
7.839705469864446786e+04
6.711840111399430316e+04
7.155557201265067852e+04
1.937418945926472370e+05
1.798456656902456234e+04
1.116663601925925905e+05
1.916683145999220142e+05
9.473319511248142226e+04
1.129021036693766973e+03
1.544377119565175381e+05
1.413738283759228943e+05
1.288414185009003559e+05
1.842794779859074333e+05
1.689304801869435178e+05
5.761139841290489858e+04
1.020426141899441573e+05
7.961415856444158999e+04
8.276358634036555304e+04
4.032627594866180152e+04
2.931452742195235260e+04
1.918828312411527731e+05
1.629884130126175005e+05
2.745875276473781560e+04
8.894207381304125011e+04
1.180783560083324992e+05
1.432347078074065394e+04
1.792583274004512641e+05
7.295173392949902336e+04
1.494441484038755516e+04
8.113857701014270788e+03
1.648626102380935627e+05
8.080075981486013916e+04
1.370559347996658289e+04
1.422425434788558632e+05
1.946407565384613554e+04
1.316640469587245316e+05
3.412108229381663114e+04
1.899385176911954186e+05
7.341209279415337369e+04
8.228947700368617006e+03
1.846654698264886392e+05
3.569336650222896424e+04
3.849303373956900759e+04
4.367241338845613063e+04
1.890072414340977557e+05
1.389091200173270190e+05
4.556237496306758658e+03
1.574905454343446763e+05
2.817723967272733717e+04
1.377021840217692370e+05
3.701837063853650034e+04
1.314963138757876004e+05
1.573049075538472971e+04
1.242981445980962017e+05
1.384455895086037926e+05
1.061220753310228465e+05
5.719840722045523580e+04
9.856253607628193276e+04
1.059685856136782786e+04
1.163543568006522692e+05
1.407000904247792787e+05
6.851739025768431020e+04
1.251938321613318258e+05
1.310443746049634938e+05
1.446540219883746176e+05
1.801549474938615167e+05
4.051232599293159728e+04
1.135908068093655893e+05
1.225492445586864051e+05
6.371742056455875718e+04
8.773100262581938296e+04
9.455917237507687241e+04
7.409330192367034033e+04
7.868487266729021212e+04
8.135266487687423069e+04
1.277402347322521819e+05
1.502209152901043417e+05
6.196936966035555815e+04
1.685195054310397609e+04
1.383243470756192983e+05
1.623330643642431241e+05
7.635412687509407988e+04
1.861788193355957628e+05
5.916194110289176751e+04
1.799863682889623742e+05
1.271950050629515172e+05
5.643072179324464378e+04
9.518870830682346423e+03
7.855065228796274459e+04
2.510093710061080856e+04
1.829242186763744394e+05
1.181730864198785130e+05
1.326866848486583622e+05
1.152255956937795709e+05
7.706945495911943726e+04
1.070228083277796686e+05
9.997077126198212500e+04
3.963149163707862317e+04
1.335272601778920762e+04
3.268670429202475862e+04
3.503062202614530543e+04
1.631786630974354630e+05
9.626834658746910281e+04
1.990795487738584343e+05
1.790528965838629520e+05
7.798091327828604335e+03
1.065302051487003046e+05
1.488947704306905507e+05
1.670399022905007005e+05
1.610125185213013901e+05
5.262393258003386291e+04
1.544913625980802171e+05
2.585370808561140439e+04
1.814895898247705918e+04
1.028084476962012377e+04
1.678835632503905217e+05
1.351366581726272125e+05
1.270063293211601122e+05
7.246546565194895084e+04
1.768206283463631698e+05
8.853054862861549191e+04
3.893126087300868676e+04
1.158825850545929861e+05
9.205313731498690322e+04
1.362987033257787407e+05
1.553123517594052537e+05
1.508205129352024233e+05
1.661633039125470095e+05
6.259018635182753496e+04
1.229194328924303409e+05
7.040606462101687794e+04
9.475986022685875650e+04
8.052076459975652688e+04
9.350052057929847797e+04
1.711357234712036370e+04
1.401162560820326034e+05
1.502784806145781185e+05
1.778606741504536476e+05
1.910069434736825133e+04
1.452181515864700777e+05
1.850762280696404923e+05
1.152052788811830833e+05
8.732831501286904677e+04
1.831982184555078857e+05
1.099977576499082643e+05
1.522777387838099094e+04
1.845161604832591547e+05
1.859801432163389982e+05
1.574940232665803342e+05
1.669332967518841906e+05
1.354532977215008868e+05
1.021892257500718260e+05
1.891676708017812343e+05
1.195970419538483693e+05
1.960667551506037125e+05
1.051326822622678592e+05
8.472685877310989599e+04
3.715519965432734170e+04
3.080286268915732944e+04
1.070008910433271230e+05
2.172614658858227267e+04
4.835916463875513728e+04
7.730184217195124074e+04
3.286452267197854962e+04
4.119598951775598107e+04
1.921218821475961013e+05
1.557559818063887360e+05
1.136665139122172695e+05
7.101502194525068626e+04
1.013245595458484459e+05
2.834542319239543576e+04
1.708266395318880095e+05
5.738381627873647813e+04
1.914173082955385908e+05
1.878939762286843034e+05
1.396093844731287099e+05
1.973966006372456104e+04
6.921222363114780455e+04
1.181936746711485175e+05
1.164727907184951473e+05
1.232490352032030496e+05
1.495163021750756889e+05
1.253140194715335529e+05
1.705741583378935757e+05
8.781739524610832450e+04
2.866426292255450608e+04
6.779551763137924718e+04
1.531046965471098665e+05
8.639974204279141850e+04
1.585298376993097190e+05
8.106140931928811187e+04
1.147821222172739072e+05
1.551458525695919234e+05
2.382826938345174858e+04
9.479031978238721786e+04
6.480284494831616030e+04
5.109522945164624252e+04
6.022021150144629246e+03
2.545174192242192294e+04
1.984815199317260121e+05
1.306999458856863348e+05
9.942442672854600460e+03
1.803487403247572656e+05
1.524449935049352644e+05
7.561861566615261836e+04
5.938026793887991516e+04
2.507028281158478785e+04
1.437422937622249010e+05
5.132172893637321249e+04
1.074398085785031726e+05
1.026168681402540824e+05
8.740159658616771048e+04
3.403544276647239167e+04
1.819530196999914551e+04
9.929284595707214612e+04
1.133709967844159401e+05
1.228362948817058932e+05
2.634495688070892356e+04
1.281973589859506174e+05
4.127202783062178241e+03
1.625376104963263060e+04
5.281502839592730743e+04
1.332142172281014609e+03
1.971687080291606835e+05
1.905688554314581270e+05
8.254276160965635427e+03
4.022617832860864382e+03
4.497459230159201979e+04
7.388301394665573025e+04
1.850837807616855134e+05
1.747285331833581440e+05
9.545189431981329108e+04
1.644007072505609831e+05
1.356649591155645903e+05
5.876160458295753779e+04
9.131272076516858942e+04
1.828403722181559715e+05
1.721947581284969056e+05
5.033930935223094275e+04
3.893035528566328867e+04
2.705250556013129972e+04
2.066321557953567753e+04
1.712833030806067691e+05
1.774296946409811790e+05
9.810408081075944938e+04
1.864349963747853326e+04
3.714832812302497769e+04
3.951721012368076481e+04
4.490557118010993872e+04
7.708932594216555299e+04
4.000724550930285477e+04
1.311936350959475021e+04
2.672947205534597015e+04
4.516943718878497020e+04
6.498792900085371002e+03
6.507812661512042541e+04
3.081799183263438317e+04
9.003373341554720537e+04
1.560184034376583004e+05
1.070593972096124344e+05
1.633261176388796302e+05
2.417506589930411428e+04
6.770328486172796693e+04
1.291863438427392393e+05
1.567125433244486339e+05
1.827180002985604369e+04
2.733196772198514009e+04
5.889011507797276863e+04
1.525375324175691349e+05
1.714131807248390396e+05
1.923470272932929511e+05
1.690556023483740573e+05
1.120217771866379771e+05
1.838079463548543863e+05
1.452384528792414640e+05
1.549749812179441797e+05
5.173820283478096826e+04
1.107783444362078008e+05
1.856166992985425168e+05
1.651821435955171910e+04
3.813719300097782252e+04
2.362237119429049199e+04
1.500537810662846605e+05
1.668954586985962305e+04
1.660759363870641391e+05
1.279256134326525207e+05
7.076006018777274585e+04
1.164992965993476391e+05
1.057200569923462172e+04
8.707251965950553131e+04
5.059402689661036857e+04
4.321170846328248444e+04
1.628824142581485212e+05
7.915395998734793102e+04
1.513108529593460553e+05
3.631634322540744506e+03
1.846708734426274532e+04
1.648298821534769959e+05
8.934037609520883416e+04
1.429481478093555052e+04
1.209016385679091618e+05
9.324618101074187143e+04
1.080974536379522033e+05
8.313389972820533148e+04
1.573951670087678649e+05
1.339177031611947459e+05
7.563886018649987818e+04
1.782376981235529529e+05
8.405026744856871665e+04
4.253175439141671814e+04
9.711373772897373419e+04
5.443341748686118808e+04
5.322582730743577122e+04
4.203313097811105399e+04
1.652090046912953258e+05
4.671934283429908101e+04
6.240681798416041420e+04
1.961717144145135244e+05
9.704653237407693814e+04
4.386499340488934104e+04
1.658565838657055574e+05
1.815104040482081182e+05
1.608605507334747817e+05
1.614920849178048375e+05
1.511531240896628588e+05
5.536851107357590081e+04
1.418744556190059229e+05
2.954547196997305946e+04
1.341019511261127773e+05
1.287642929373883526e+05
7.774374212969912332e+04
9.066840167213683890e+04
1.255209114827754238e+05
1.960845514204663050e+05
5.427082090629542108e+03
1.472932620552272128e+05
1.127679518656203873e+05
1.491397226859667862e+05
1.798405746676977142e+05
1.632419463463577558e+05
3.454886378056827380e+04
3.634012802026866848e+04
7.560052203687121801e+04
1.960748393718079606e+05
1.106636368612820370e+05
1.161110621464687865e+05
1.461798908429114381e+05
2.203271656433591943e+03
9.219092790687219531e+04
1.607331091520623595e+05
1.515916700175257283e+05
1.551194271200830917e+04
1.748448664537390578e+05
1.905889506669990660e+05
1.423966424648885150e+05
1.128890813627476746e+04
1.319715895917057642e+05
1.305858712653090479e+05
1.606793973841752450e+05
1.515023206618117911e+04
7.337288807254811400e+04
3.209595388168009595e+04
9.611711544311907346e+03
1.862557109416676103e+05
7.483132430876627041e+04
6.980715705851744860e+04
1.954935107666524418e+05
7.581207348230414209e+04
5.536928721074074565e+04
1.220836297290146758e+05
1.798919047933336988e+05
1.617053707395914244e+05
1.350749989829431870e+05
5.851512780648009357e+04
7.956427057105727727e+04
1.454620273513707798e+05
2.414357912200768624e+04
4.109067194003183977e+04
1.004963507418636291e+05
1.079915352282937238e+05
5.176020542809296603e+04
9.942257873115609982e+04
1.592221083759606408e+05
1.554860320769337122e+05
1.119532620974630554e+05
7.663347354851565615e+04
1.247790355394194048e+05
1.803534750964948325e+05
2.803779799833696597e+04
1.566044909639509569e+05
1.686916909502686467e+05
1.701625358824205468e+05
1.512188418424869014e+05
6.634421084235649323e+04
1.310589712234972831e+05
3.685984253563947277e+04
1.414867864327214484e+05
9.446342999507370405e+04
1.297295975313033705e+05
4.480323622154578334e+04
1.040203065827958198e+04
1.708957535561714030e+05
9.396215142260944049e+03
1.055626216155252041e+05
6.118978926362401398e+04
1.767398453830188082e+05
5.791402786151407054e+04
3.109767665725635743e+04
1.602888176106076280e+05
1.052269294017521170e+05
3.970480130159488181e+04
1.963607943711943808e+05
5.426262163633102318e+04
1.149853606687746505e+05
1.313442339839280467e+05
1.536943714055351738e+05
7.145695678698991833e+04
1.266927486808212270e+05
2.925211830912670848e+04
6.606102304167608963e+04
4.100291487946901179e+04
1.303278319546956627e+05
1.929483117169774487e+05
3.701094861121210124e+04
2.913987102960977791e+04
1.254934948032376851e+05
1.599257390118327457e+05
1.688693100106967613e+05
3.894076168483396032e+04
1.904664858694551513e+05
1.336717418292354560e+05
5.589193481863308079e+03
6.663821487752086250e+04
9.875193838526622858e+04
1.512463298841385986e+05
1.148278796702893305e+05
1.099257661384458479e+05
3.178840133464082464e+04
1.474716545931949222e+05
1.723641828295059677e+05
9.508614131190397893e+04
9.250897464699059492e+04
3.869935126348593622e+04
7.197232281715689169e+04
1.734850572741939977e+05
1.462193836049904639e+05
4.130490032257408166e+04
5.123830068016774749e+04
1.081146807913082557e+04
1.526382671658564650e+05
9.858116750743165903e+04
1.730914179752542987e+04
6.679433790053248231e+04
1.996905188907350530e+05
7.906799431109189754e+04
8.224422204391657942e+03
1.716727325664788077e+05
1.764832219820959435e+05
7.323991335611688555e+04
1.977790105154825142e+05
1.224176715961131413e+05
8.944283541458881518e+04
1.369529125865261012e+05
6.818362654866267985e+04
6.543754226973661571e+04
1.562247694889689737e+05
1.130737468864195835e+05
1.864873366835218330e+05
1.422982936858665489e+05
1.411706650556221139e+05
3.470844156027141707e+03
9.182914147931202024e+04
2.751109745234305956e+04
1.618250751374762331e+05
8.819006371684664919e+04
1.483908123779721500e+05
3.347160262777515163e+04
1.021118100625049992e+05
6.528056026685402685e+03
1.872550195540520945e+05
1.053690729519060114e+05
1.158005976652201789e+05
1.550055618394458143e+05
1.720307920871284732e+05
1.443394990258771577e+05
1.571023646721554978e+05
6.442242142998177769e+03
1.028083679122913309e+05
9.650910639422044915e+04
1.642721712973999092e+05
1.490686568800870446e+05
1.452832874203984975e+05
9.775228874505659178e+02
1.732256152981391351e+05
1.785948235883929010e+05
1.775455135471333342e+05
1.927158285951298894e+05
1.687164603864380915e+05
1.322502262379665917e+05
1.879190479401769408e+05
2.098862062804689413e+04
1.757700771762866643e+05
5.157918832044066221e+04
1.535690763472545077e+05
1.086150808433041821e+05
1.905084996840531530e+05
3.514651423006172263e+04
1.750622605424288777e+05
8.251425744075242255e+04
1.565177459177560522e+05
1.049916929883384146e+05
3.011915454265445987e+03
2.686378841776582362e+02
9.101766463139822008e+04
1.746293723553592863e+05
1.026615093931068259e+05
1.516481810180008179e+05
1.933891677715230326e+05
7.952009321601838747e+04
1.666241499917286274e+05
1.011279529904845986e+05
1.764201310207193310e+05
8.426143952564759820e+04
4.663615180754132598e+04
1.213517040159322933e+05
1.279480668132187129e+05
1.705301406677827763e+05
1.670203215814037248e+05
1.677548605080232956e+05
9.227591034223441966e+04
1.034388678505860007e+05
1.907261726772320690e+05
3.415329153821082582e+04
5.008697061870617472e+04
1.448374560916023911e+05
6.537003334005348734e+04
1.486326453140705125e+05
1.455299134552579490e+05
1.061988560245889821e+05
9.362179042042890796e+04
9.839111659178815898e+04
1.097277949003772228e+05
3.523893005591194196e+02
3.644764912185096910e+04
1.722173464159416035e+05
1.367926921801945136e+05
5.054000038417494216e+04
6.235382910454301600e+04
4.459322501167104201e+04
7.723255291210449650e+04
9.635953198212210555e+04
1.485778710436958936e+05
1.699754282061303966e+05
4.733199015889091243e+04
4.407384421579334594e+04
1.379892769590036769e+05
1.189974732948247693e+05
4.407623285762842715e+04
1.380646425100588240e+05
7.666659272435189632e+04
1.428983803726438491e+05
7.967887398546451004e+04
6.888479557272786042e+04
1.957150305142549914e+05
1.537983165025674389e+05
7.473360344408477249e+04
1.519263249898352078e+05
1.460575998883190914e+05
1.238112045340413024e+05
7.926472160529658140e+04
1.726939287879072945e+05
1.602152846302203543e+05
1.875706290559537956e+04
1.445270927333362633e+05
1.011034983676678094e+05
7.925254424493815168e+04
1.702811238670833409e+05
8.150688560111002880e+04
1.634287644981418853e+05
1.007599619211032405e+05
1.909372052992124372e+04
6.686642483597966202e+04
1.511904668673048145e+05
1.823586218647453934e+05
8.419590907730567778e+03
1.659843084737064200e+05
3.831685145619083778e+04
9.190921339694079506e+03
1.336455520267172542e+05
1.956447534902182233e+05
8.150706941703784105e+04
9.030082615203761088e+04
8.993864704956690548e+04
1.249554511372690904e+05
2.421316149478516309e+04
1.012664609028262785e+05
5.672521119214151258e+04
5.823351487111669849e+04
1.149891075800786348e+05
6.830595405868669332e+04
1.854260570554154110e+05
5.234577269856339990e+04
1.048764273194836132e+05
1.270957544526476413e+05
7.065531362468126463e+04
1.762304828932955279e+05
1.284944531347859156e+05
7.531753361432414385e+04
1.095868986623734090e+05
1.153184867599928402e+05
1.909385675963746326e+05
1.241242203537119494e+05
1.673492183344595542e+05
6.898017124875888112e+04
1.741852535246177285e+05
2.202579238866508967e+04
7.711056506247790821e+04
9.457510275206371443e+04
1.694360697579355701e+03
1.587465009194709419e+05
1.272773929544527491e+05
6.789264237604156369e+04
8.492259227324240783e+04
4.173310623403429781e+04
1.724585649821652851e+03
4.114669318827534880e+04
5.525008838182772161e+04
1.774573141409964883e+05
1.964594690911258795e+03
1.522857149006537220e+05
1.369630871920662757e+05
1.239050805913918448e+05
1.818621306054137240e+05
1.892919516551223351e+05
8.360869703875863343e+04
2.235156509751567864e+04
1.882409812602206075e+05
1.871015242313349881e+04
5.682424170441733440e+04
1.951158672282746702e+05
1.855548014721661166e+05
4.205119127832439699e+04
3.437295371223625261e+04
4.028876429227121844e+04
1.603124187405973498e+05
1.956767655245775240e+05
2.553889419412802454e+04
1.527330241122228617e+05
3.529751554195152858e+04
9.173266342917026486e+04
1.550849075215247576e+05
2.233810246348100191e+04
1.414185660463709501e+05
1.367755434564645839e+04
6.111867450458394887e+04
8.578432665008070762e+04
1.308564862905556765e+04
6.645153739723793115e+04
1.489683058643240947e+05
1.864357940601959126e+05
5.932653474335318606e+04
1.705368174133483844e+05
1.354752250000006752e+05
1.431416432756790309e+05
8.168226786104448547e+04
9.959916049052812741e+04
1.776456633690612507e+05
1.703575592476620222e+05
1.590122130914337758e+05
7.677662803126232757e+04
6.426475653869461530e+04
7.825286343601650151e+04
2.049669912124039183e+04
1.619102200570876885e+05
6.198108045193429280e+04
1.451934059647610120e+05
1.285164424091079272e+05
2.281098554162708388e+04
7.302707125962096325e+04
1.588018921651121636e+05
3.763688331154191474e+03
5.773411905658354226e+04
1.792533306546023523e+05
7.081033016687583586e+04
1.793212738419640227e+05
4.963811071181682928e+04
5.018376135473845352e+03
7.043503750552426209e+04
7.174143389424849011e+04
3.763048608621004678e+04
4.744853502162624500e+04
4.220315524682840623e+04
1.706309325255183794e+05
1.606060828357695718e+05
5.781967605946487311e+04
7.951979119647580956e+04
1.673089652070875454e+05
8.761650018749371520e+04
9.293658660409964796e+04
1.526859658682776499e+05
1.854806417428427085e+05
1.900662058166086499e+05
2.528184865776446168e+04
1.688369891266770719e+05
1.970582222779048607e+05
1.855572215383676812e+05
1.848690208740311500e+05
1.818929582925451687e+05
6.475817278523812274e+04
1.647649733423236466e+05
4.696334070970520406e+04
1.009055779813216213e+05
1.407838814086082566e+05
1.101810482855598966e+05
1.129730566826456343e+05
1.688449725930102868e+05
1.683043182855629420e+05
7.360583485995404772e+04
1.913864150605162286e+04
1.228718814839133411e+05
1.630453450377169429e+04
1.791519098843639949e+05
4.315799066512511490e+04
1.764502694079618377e+05
5.325195589142306744e+03
2.735945240834329888e+04
5.447829387379810214e+04
8.575246077886639978e+04
1.896447984495376004e+05
1.834743517302796827e+05
9.743290787874476518e+04
1.910974010666455724e+05
9.581909399931982625e+04
1.455780624255843868e+05
1.369149942626331758e+05
5.639103940368903568e+04
4.916660426793506304e+03
1.903328639995427466e+03
1.924606842479621992e+05
4.462812695792015438e+04
3.510047866779657488e+04
1.878936954194514328e+04
1.441557913051989744e+05
1.496384678779492060e+04
1.688704425721787848e+05
5.509257934883962298e+04
1.713250149566992186e+05
1.739952570480657159e+05
1.505736092284409388e+05
8.492475941290636547e+04
1.891854356378817465e+05
1.322096576748145162e+05
1.419266858352819982e+05
1.503691272385132324e+05
4.496368670886597101e+04
2.865080189047382009e+04
1.690226053051376075e+05
2.252288940346893651e+04
1.637252088668142678e+05
1.561987286828050565e+05
8.978242888687302184e+04
1.534887331270528957e+05
1.593073668103351374e+05
1.532031368521033983e+04
1.813575333982595184e+05
1.436311663190094405e+05
8.366448440584795026e+04
7.106180350131716114e+04
1.502989013104178885e+05
2.163278887309392303e+04
6.617838519677566183e+03
9.340496047167849611e+04
1.147654217127413722e+05
1.851236415379600367e+05
1.061010343959800666e+05
4.264385540705071617e+04
1.301385332431039133e+05
8.705469557669232017e+04
4.224388868566426390e+04
1.691767926316850935e+05
1.241419731654851203e+05
3.783753455394411867e+04
1.943063060234676232e+05
1.990211714648035704e+05
1.077691267878958461e+05
1.868860296054750506e+04
1.238654764065553172e+05
4.691568137563324126e+04
6.496891125026893860e+03
1.356576961721564585e+05
3.352462814526941656e+04
1.758543931950170081e+05
1.067423003387083299e+05
5.679959079791174736e+04
3.366113588016439280e+03
3.087507901889237110e+04
2.920405403158850095e+04
9.938026883300152258e+04
1.557297416254325071e+05
2.928700105215613803e+04
2.951359966922684180e+03
7.953909237058658618e+04
1.536102100543588749e+05
1.848524267216547159e+05
5.228502675155955330e+03
6.892810660450074647e+04
8.632912580519322364e+04
1.531009482102312904e+05
1.946785041990604077e+05
3.887246941738915484e+04
1.530107083069031942e+05
7.979876639214527677e+04
1.507397008869701240e+05
1.305056327106226490e+04
1.084288544940125139e+05
5.098296664694788342e+04
8.764796280388357991e+04
8.913746863049131935e+04
1.598984909354490228e+05
1.426386632683345815e+05
5.747712871417749557e+04
1.345986030645641149e+05
6.592955029123053828e+04
9.953094949328445364e+04
9.060983464746410027e+04
1.640482749770744413e+05
4.498890040537049208e+04
5.658398571389240533e+04
1.406587191802672896e+04
1.414489351731899369e+05
1.380803830992777657e+05
6.341351496689693158e+04
1.689937329874199640e+05
8.837273603051762620e+04
1.029909045823352208e+05
1.669404828887913318e+05
1.624201477443957992e+05
1.675375706084373815e+05
8.682527065632682934e+04
1.279063180221638322e+05
1.605478970037799172e+03
3.525549176841804729e+04
1.327828069578983996e+05
1.658147657899218611e+05
1.837119762098215288e+05
1.213711296530344989e+05
8.933172013120207703e+04
7.906360043687709549e+04
7.002696260245433223e+03
7.823455797332726070e+04
1.066810279083566274e+05
7.834330538891531432e+03
1.657722876633028209e+05
3.570130014262184886e+03
1.840966791277836892e+05
1.580872731559696258e+05
1.990257779641780071e+05
4.321143323209253140e+03
1.627700239596351457e+05
1.509806506056120852e+05
5.682312450491555865e+03
1.308471778494284517e+05
6.055332938539716997e+04
1.233121919158628880e+05
1.195667982061579241e+05
6.900174283374100924e+04
1.066638763471867715e+05
1.600127326023826899e+05
8.187877648528978170e+04
9.558565594160129422e+02
1.064052034083926410e+05
1.223963102228613861e+05
7.365726820303757268e+04
2.883071379276944572e+04
4.031400297894476535e+04
1.050253900078350671e+04
5.869202514012388565e+04
1.038463241814707289e+05
1.100951638881095823e+04
5.251667466325877467e+04
1.130703634174666950e+05
1.252088812490741475e+04
7.895850509374591638e+04
1.853008704502656183e+05
5.225816395025217935e+04
1.904918819531866757e+05
1.382932016059810121e+05
1.106294031656819279e+05
6.370362659163819444e+03
1.879229514835305454e+05
1.852605170688466460e+05
4.204166762279901741e+04
7.078055589318301645e+04
5.075914291679224698e+04
1.689739223405079683e+05
1.210075876269691653e+05
1.059288967389630561e+05
6.285928953205250582e+04
1.034356361124349351e+05
1.739764942385821778e+05
1.705667010594494641e+05
4.333228462062191102e+04
2.776944586456460092e+04
2.635073343224036944e+04
8.267226871317645418e+03
6.614909650949378556e+04
3.951018620472714974e+04
1.317422872280657466e+05
1.334794478263451019e+05
5.565563398591067198e+03
5.623059450357627793e+04
1.303984682641729451e+05
1.224256900968652626e+05
8.998642964042222593e+04
7.086107129135153082e+04
1.381433220259296104e+04
5.516686417285774223e+04
9.278371497041283874e+04
8.415288489044574089e+04
1.882418548786950414e+05
5.568108840697460982e+04
8.521527418110774306e+04
1.270703775432005641e+05
1.455729968681649370e+04
1.279021847591172700e+05
1.123300332981830288e+05
1.669118613508516864e+05
4.333623043352679088e+04
4.021762502959112317e+04
1.686720609986120253e+05
9.465262563228767249e+04
1.189497307860435831e+05
1.980255299197400163e+05
1.480283847798933566e+05
8.160856082862672338e+04
4.289217864503141027e+04
2.356071140930895490e+04
7.697224597653084493e+04
1.272263963334845612e+05
1.326198116281126859e+05
1.823824480651694757e+05
9.055248733087883738e+04
4.777405146326994145e+04
1.984188359323057966e+03
3.817212107604886114e+04
9.794132756603391317e+04
1.403155225519377855e+05
1.259238465881047341e+04
7.720664893036903231e+04
1.707745172159575450e+05
9.900541818125898135e+04
1.622054545218778367e+05
5.301588758973061340e+04
1.296886243176135613e+05
9.241827713884500554e+04
1.662168124020206451e+05
1.929339243842521100e+05
1.350249818798662454e+05
1.752434750350829563e+05
1.659104471913964662e+05
1.305522389219527540e+05
7.137367647181278153e+04
1.418542418394981942e+05
1.978694052799955534e+05
1.781040476106205897e+05
1.430953035786032269e+05
1.266423470965656161e+05
5.593455843732986250e+04
1.278223209214096423e+05
1.483001644231808023e+05
4.262610319916992739e+04
5.141469976248249441e+04
9.055782035698008258e+04
1.493444482516087883e+05
1.777515428823397378e+05
8.168506416246920708e+04
1.756372248339279613e+05
1.994343247613198182e+05
2.936096823731149016e+03
1.686160834954224702e+05
5.568716936279884976e+04
2.305491115477751373e+04
1.265820123773014202e+05
4.125470265811026184e+04
6.482043906602095376e+04
1.600649808317062270e+05
8.014841412970838428e+04
1.591528925184260297e+05
1.167632339202722069e+05
4.625903114095995261e+04
1.179742893871516862e+05
3.399832221657650280e+03
7.268877842103911098e+04
1.289569895334826870e+05
1.692369181706025556e+05
1.274207550628204190e+05
3.727774393301765667e+04
1.698289956942965800e+05
4.344963339781469404e+04
1.260672072604527239e+04
5.463689536737836534e+03
6.566835286172734050e+04
1.469734769139483687e+05
1.587180832307241508e+05
6.594226770762361411e+04
1.399054661092548340e+05
7.720374835872685071e+04
9.523630965328319871e+04
4.932037327710045793e+04
7.890857272117299726e+04
2.451607154182202794e+04
5.237247691477286935e+03
9.814434256186769926e+04
1.892197819904189382e+05
1.968843885265374847e+05
1.129961649959940114e+05
7.993242418518051272e+04
1.418540605455060904e+04
5.825292303328128764e+04
3.415730361255504249e+04
4.247711194693268772e+04
1.080187739926319628e+05
1.010577900783946097e+05
1.909180081685311161e+05
1.012156151897370728e+05
1.948446009108495491e+05
7.191219843263334769e+04
3.629196437911903195e+04
1.008643483359803213e+05
1.100088752475347137e+05
7.967848932344831701e+04
1.814467330459714867e+05
1.656541101711355732e+05
1.861235941820459266e+05
1.206928952256609773e+05
1.124647384968538099e+05
5.671366857786496985e+04
4.288588404935879953e+04
1.031440525230633066e+05
4.254548558267492626e+04
4.919843422838104016e+04
1.506849302714431833e+05
1.494676307818012720e+05
1.417090279430057271e+05
9.977256270029133884e+04
1.877123476934789505e+05
9.171790921770298155e+04
1.631503628734626109e+05
3.660753309800284478e+04
8.867515214387304150e+04
6.451717664015644004e+03
2.215198311428931993e+04
5.835478667785522703e+04
4.324666612527925463e+04
1.606516596283519175e+05
6.720836114039352105e+04
3.408389905946467479e+04
3.863463951612480014e+04
1.966441906570791616e+05
1.285082627178983967e+05
1.394656850860486447e+05
7.922448138892507995e+04
1.793237185840794409e+05
1.389013725587895351e+04
1.664449814279357961e+05
1.752350919452118396e+05
1.324391185088296770e+05
7.516943015905441825e+03
9.843251352207289892e+04
1.714185174459831906e+05
7.710179124316183152e+04
1.873255196620644419e+05
6.890620882908497879e+04
1.931994576327878167e+05
1.404961088884853525e+05
1.409891385486981017e+04
4.227244883052829391e+04
2.320885130154129001e+04
9.335424177603270800e+04
9.669423879930743715e+04
6.932103315419753199e+04
8.810372796899535388e+03
1.773042263662844780e+05
2.306762044356560727e+04
1.945593803248969198e+05
1.759401879274731255e+04
1.113885673653114645e+05
1.008253843152383342e+05
7.788854999568128551e+04
6.396188090808139532e+04
8.313939317765682063e+04
8.229174485885917966e+04
4.982686777260770032e+04
6.181862550443513464e+04
1.824457447400852107e+05
1.496918792453978385e+05
1.664984416090128070e+05
4.961892855074956606e+04
1.080876269262313726e+05
1.881098951722241763e+05
7.175088801235724532e+04
6.393237914614844340e+04
5.996787122129923227e+04
1.104576745467025903e+05
1.472433030782046553e+05
2.676099178623971966e+04
9.177242231771205843e+04
1.338598322147919971e+05
1.311924544839315640e+05
1.160777954479733016e+05
1.044569456223598099e+05
1.357545536015960388e+05
5.006556161613275617e+04
1.985619524935051450e+05
5.752776564060617966e+04
1.773212058984336909e+04
1.643042573666281824e+05
9.676102813034954306e+04
5.509011204592441936e+04
1.987698221485554823e+05
6.006624562566478562e+04
4.537694149705160089e+04
1.644716832006051554e+05
8.447887385970565083e+04
2.939666548921153662e+04
2.598152591000693064e+04
4.598622385567403398e+04
1.343550460559726926e+05
1.912753229764652133e+04
3.113048091515064880e+04
4.287733870385117189e+04
1.282728384832329175e+05
9.745345296421623789e+04
9.187027147091014194e+04
4.255080061313043552e+04
6.639796058417024142e+03
1.261105895711293560e+05
4.837664183102318930e+04
1.531356270482954569e+05
9.221498132438783068e+04
1.053454848320229357e+05
1.528149651715223445e+05
1.669282177830086730e+05
4.622627310924272024e+04
2.564556701812355095e+04
1.078235745300354174e+05
1.678051811562663061e+05
7.438319698796050216e+04
7.427277409137866925e+03
9.927838829113171960e+04
1.374606014373653161e+05
1.363403804404095572e+05
1.930107722626199757e+04
1.319132485401749727e+05
1.060844233461124531e+04
1.743918178480601346e+05
9.410205879854522937e+04
3.742340501734520331e+03
1.461949744031436603e+04
5.609564163346236683e+02
8.741608512137732760e+04
3.729168147263781430e+04
4.354941327726262534e+04
8.336082591271989804e+04
9.733195815027359640e+04
1.251932623060350888e+05
8.640286278672164190e+04
5.040885807575845683e+04
1.168940504727318767e+05
4.827866641772267030e+04
1.183740116042076697e+05
1.131885090284858306e+05
5.546299447598317056e+04
7.402101669206298538e+04
1.910444042242929208e+04
3.197138999991349192e+04
1.574488673495108378e+05
1.937718058498763421e+05
1.834379081030620146e+05
1.826310678986333369e+05
6.638336393113918894e+04
1.360808226442429295e+05
9.377249332248019346e+04
2.383486955127289548e+03
2.918357819179604485e+04
6.087164712760295515e+03
8.347950622856638802e+04
1.157170615816011559e+05
2.520245811999326543e+04
2.051206026688057318e+04
3.078728416362519420e+04
1.545681988645461097e+05
4.730484431594750640e+04
6.462205190591092833e+04
2.811184439436487082e+03
1.127488099882900769e+03
1.423700371486022777e+05
6.121082689401571406e+04
1.927486946018946182e+05
9.308401411950984038e+04
5.108050963651160419e+04
8.821267681351272040e+04
1.576315938266905723e+05
1.108604301920023572e+05
7.259259704809008690e+04
7.167167276842847059e+04
2.231885587140438656e+04
1.544404265135959431e+05
1.881437221442974696e+05
1.463990345441415266e+05
5.984715233368858026e+04
1.076691843300762412e+05
3.442692594691103295e+04
4.853313983786575409e+04
3.055868482191213116e+04
6.350360742167970602e+04
1.826983734748534625e+05
1.448085622063682822e+05
1.970834099735901982e+05
1.390609244125937985e+05
1.910644824675453419e+05
1.342389044966556539e+05
8.291266184461289959e+04
1.491313362799161405e+05
1.848721560363707540e+05
4.728663865011710732e+04
6.975188470845572010e+04
1.273176950935286586e+05
1.285648224988217553e+05
1.427842710460708186e+05
3.230225960242989458e+04
1.496776421335498453e+05
1.958415003166549432e+05
1.591355918041889672e+05
2.840428232887162085e+04
1.710950349692152940e+03
1.789465161125587765e+05
1.877923948348645936e+05
9.825807920047195512e+04
2.622995740854576798e+04
1.537217691897685290e+05
1.754733313596080698e+05
1.610893312644598191e+05
3.116245615150319281e+04
5.423889303531756741e+04
1.943739722599681991e+05
1.008360643040413561e+04
1.130684969461931032e+05
7.952660138252738398e+04
3.906084977912343311e+04
7.142150079531672236e+04
1.824177533960936998e+05
1.269271718935216450e+04
1.709528043109956197e+05
5.460410175322028226e+04
1.943290946785864653e+05
6.003037258084018686e+04
1.459854972113501572e+05
1.802342460618549085e+05
5.334773627767952348e+03
1.102214610896764934e+05
1.436644829051940469e+05
1.950577959556086862e+05
1.637388897135480074e+05
1.317624470145647647e+05
1.020461590809005720e+05
1.230455458145105076e+05
7.369254670945739781e+04
1.082097941817959072e+05
6.521029808030851564e+04
9.646284626227190893e+04
9.980772931983749731e+04
3.025918182956262172e+04
9.616108827393499087e+04
1.780148840399358014e+05
7.662228788626774622e+04
3.773641156938792119e+04
1.456196803438765637e+05
1.857445551816076622e+05
1.637052328739967779e+05
1.622104255061593140e+05
9.095191717752740078e+04
2.731199716344439003e+04
1.670851399575158721e+05
7.335566204452063539e+04
1.006574964640076068e+05
8.530602221560162434e+04
1.481573550698242907e+05
1.926536594496650505e+05
1.929670839683139347e+05
4.520720242732032784e+04
8.718048343699831457e+04
6.963406580411209143e+04
8.767661324087594403e+04
1.093906447704534366e+05
1.145790049014362448e+05
1.216942207831117557e+05
3.864469352117294329e+04
4.014598831231819349e+04
1.522136327457742591e+05
1.568877052807732834e+05
1.022199025810568419e+05
7.077228163721361489e+04
6.744549682158304495e+04
1.709661594675683882e+05
1.129189627774480468e+05
4.954314356258133921e+04
8.015887304533617862e+04
2.836668442954963757e+04
1.386523093891637400e+05
1.642301791693147970e+05
5.444805670227048540e+04
1.902213604713657405e+05
6.155095401824574947e+04
1.747405598886549124e+05
1.587131592958472611e+05
1.562879157573212578e+05
3.545918664375131630e+04
4.845465172666290164e+04
1.412325008618031643e+04
1.761101956342811172e+05
3.358803181253466755e+04
8.020759893455775455e+04
1.370029259244312016e+04
7.128496897323533403e+02
9.427659542662418971e+04
1.959906982791300979e+05
8.353973228009334707e+04
1.604110108740105934e+05
5.761489659873984056e+04
1.650397568273452052e+05
1.797289400271342020e+05
2.960054980160768901e+04
1.390034711073162907e+05
9.075000845870058401e+04
9.670053401202005625e+04
1.769500894501423754e+05
2.422261628324367121e+04
1.705456537726401803e+04
1.895337191131092259e+05
2.045805713524997554e+04
5.271590846078146569e+04
1.301404902389119816e+05
1.450090612156822754e+05
9.285547729635710130e+04
2.750820265881224259e+04
6.428482538842887880e+04
4.417637058491133212e+04
6.212627514129720657e+04
1.393061954198757012e+05
1.778739316040632548e+05
2.866212514566757091e+04
2.240633596016230513e+04
1.713189906766666099e+05
1.202426543142108858e+05
1.532182724058801250e+05
1.053037414059896109e+05
1.818478364039772714e+05
1.053251430851056357e+05
1.273778221882053185e+05
1.607904638877220568e+05
8.531401589095393138e+04
5.554299278415196022e+04
1.344296908786142194e+04
1.798607248243825161e+05
8.320767390603644890e+04
2.036387014183314022e+04
1.043526808066241647e+05
1.888113598943037505e+04
1.867011125809943187e+05
3.585896395816736913e+04
6.708728697557812848e+04
5.167197400571543403e+04
1.089117937388403661e+05
1.916627395560363075e+05
5.082441402203485632e+04
2.660974211647266930e+04
6.307712089969203953e+04
9.923295110591623597e+03
6.900408529862498108e+04
8.151307963482450577e+04
8.261550108320887375e+04
1.256085301075536554e+05
1.535700687620601966e+05
6.358284762390742253e+04
9.312422585871684714e+04
1.407772357166536385e+05
1.055777502789263090e+05
1.058205620118068036e+05
2.398911809729165179e+04
4.107273320416271417e+03
1.108190818988561223e+05
1.407123572636669269e+05
5.029402695382892125e+04
1.232716861633427034e+05
1.865585608539352834e+05
7.500116219878316042e+04
6.310859621674525260e+04
4.623441349400845502e+04
2.489623371780231901e+04
7.454189449845554191e+04
1.140581927857301780e+05
2.693561383177020980e+04
1.615668944442039065e+05
4.289397780277015409e+04
8.089307093187612190e+04
4.577620549662224948e+04
2.830503063555114204e+04
1.810062119145079923e+05
6.983038529623298382e+04
1.162000500209468009e+05
8.735085973638197174e+04
1.150247714659774647e+05
8.222922463826542662e+04
8.011976337163793505e+04
1.057074755108502432e+05
1.629433027332165802e+05
1.985338205771382782e+05
9.092434368465204898e+04
1.540229977434723405e+05
9.228798405309472582e+04
6.057681168260981940e+04
2.049866652113348027e+04
9.516347257199320302e+04
1.843945341971186281e+05
1.379810075559593097e+05
5.371899571079197813e+02
3.038442475184830619e+04
1.924292592711662001e+05
1.482917048862044467e+05
1.591116528302851657e+04
1.934952656513409456e+05
1.859576727108335763e+05
1.297322410167681082e+05
1.949288263438104477e+05
1.493332093111552422e+04
1.703311460313987045e+05
5.692005111557485361e+04
5.148536642450358340e+04
6.046538481865602080e+04
7.835932485259932946e+03
1.278316571463107248e+05
1.781114214844826201e+05
1.800066628448491101e+05
1.544519103126045375e+05
1.471715832538408868e+05
6.713639774212718476e+04
5.548691294233545341e+04
1.354156419634963386e+05
9.412990527181710058e+04
1.155785479115402704e+05
9.514024505017881893e+03
9.724994164845035993e+04
7.699843062898628705e+04
1.699698422190581914e+05
1.156034728746297769e+05
2.719990977458319685e+04
1.406477709051002748e+05
1.232989233866778086e+05
5.336945144341958076e+04
1.982268722562768380e+05
8.900952542660527979e+04
3.514996409329950984e+04
2.342694641971956298e+04
4.063200045657429291e+04
4.770583983671392343e+04
6.666370736194524216e+04
1.996398150831184466e+05
3.672195551702866214e+04
1.863606522002332349e+04
1.214121387161600578e+05
7.388067389699709020e+04
7.086618520669765712e+04
1.420434684061541338e+05
8.705363663926321897e+04
1.730536804527808999e+04
1.297421226156132907e+05
1.465483223148517427e+05
1.213817754428909539e+05
1.262836544514801935e+05
1.675862919338416541e+05
1.632303844381901727e+05
1.571786758092913660e+05
2.520798883618928812e+04
1.608499715486489586e+05
1.557299530440925309e+03
1.263474524321549980e+05
1.268659421066850482e+05
6.546890199588779797e+04
2.838095709085528506e+04
1.136445726742598199e+05
1.145534678272561287e+05
8.603724376971189486e+03
1.948725789640079893e+04
1.456889280704787525e+05
1.516263743827478611e+05
1.363798888961552293e+05
1.152846880089719525e+04
1.392798714978880162e+04
1.423152467790011997e+03
1.307952249709340977e+05
1.503458126539090881e+05
1.389246707731890201e+05
1.592597258354449878e+05
1.163910146222792391e+05
1.419670470437461881e+04
1.196593890851113538e+05
1.326185287652369298e+05
9.140354335824833834e+04
9.366273217224756081e+04
7.663229085513611790e+04
1.852815966484828095e+05
1.534456465781520819e+05
8.890030042169461012e+03
5.955911011439390131e+04
3.814372046523968311e+04
1.128672713580505661e+05
2.637623498876560188e+04
9.307172321371870930e+04
1.785008729645845597e+05
8.695498318098713935e+04
1.781830161147741310e+05
4.911389543072281958e+04
1.431558439799149346e+05
1.744924063957398175e+05
9.992559205003624083e+04
8.753764122374416911e+04
5.059371708523405687e+04
5.572864108618387399e+04
3.814702876891216147e+04
1.403469448330131127e+05
9.177547681721014669e+04
6.228201181334658031e+04
7.278255484990050900e+04
7.428073553056617675e+04
1.164323984185771697e+05
4.819873126112372847e+04
4.649272292998796183e+04
1.234573483794284839e+05
8.341702506214551977e+04
1.104489545568443136e+05
5.471214773675108154e+04
2.972573140454286477e+04
2.247689793005596221e+04
8.871234900172136258e+04
5.751425779398113809e+04
5.563649889066161995e+04
3.301788732760244602e+04
1.902664395295951108e+05
1.462646170733616746e+05
8.875809520891353895e+04
5.713026069431617361e+04
1.853756233308178198e+05
1.922656523932556447e+05
4.342680609169798117e+04
1.479817803562897316e+05
1.242597953093880933e+05
1.193633962050525588e+05
1.350973182071545452e+05
1.784564446904202214e+03
1.604694547670317697e+05
1.272405056598735973e+05
4.383510520364814874e+04
2.589404121901408507e+04
2.746233928574859237e+04
1.526702196362112882e+05
1.564734596577016637e+05
1.137078095948847185e+05
1.901536939905832332e+04
3.660495532167606871e+04
1.803140391465991270e+05
8.909282141022571886e+04
9.799715305053979682e+04
7.259015925770309696e+04
3.094089260530017418e+04
1.499150679349296261e+05
5.564111685131234117e+04
1.358547076932595228e+05
1.012370855971871788e+05
7.539635812668452854e+04
6.653699193187004130e+04
1.521816298083801230e+05
8.895758016433185549e+04
9.019655872176658886e+04
8.883649570652496186e+04
1.811915980096792046e+05
3.095442837983142090e+04
1.547868504579719447e+05
1.312347878239254060e+05
1.037494850951626577e+05
5.990164283993186837e+04
3.801280208341473190e+04
3.726760060917118244e+04
1.698573821147255367e+05
1.760563947380366153e+05
1.315062114033146354e+05
1.984789927672821068e+04
2.765562733289133030e+04
6.457165252426428924e+04
1.137468941884765372e+05
8.920816730202510371e+04
1.518137829948652943e+05
1.324837026909412525e+05
1.682723948769950075e+05
2.003616329467026299e+04
4.347633420764540460e+03
6.528962673177623219e+04
5.618037283776262484e+04
1.831924859465277405e+05
