3.314921728444262408e+04
1.380406330505629012e+05
3.649742621833016165e+04
1.535407986119387497e+05
1.671135656302413845e+05
5.653648592870941684e+03
1.724051050507881155e+05
1.874163097112950709e+04
1.576767573846066371e+05
1.911596381866355659e+05
1.400699435154302628e+05
1.251807956745019474e+05
1.862641143421985034e+05
1.808501628819440375e+05
1.056549014699819381e+05
8.193681779844757693e+04
1.300629104345911328e+05
9.731070346669178980e+04
1.692546497692476551e+05
6.619515613063306955e+04
1.738689521362832165e+05
1.358031928909992566e+05
1.994410136264034372e+05
9.252585650326950417e+04
1.206518051552542893e+05
2.836781422402572207e+04
5.398765366786517916e+03
1.616633707046528580e+05
4.050835083079529340e+03
1.707431600734227104e+05
1.725774859472882235e+05
1.356557596737199347e+05
1.992243308425433934e+05
1.606776595250404498e+05
4.971370510059680237e+04
1.007394373227895994e+05
1.172739689450214937e+05
4.927238806079945789e+04
2.747674894592348937e+04
9.390903133340955537e+04
2.179126044415848810e+04
1.287564952990256643e+04
4.842482341586735856e+04
1.508043493525948143e+05
1.813482924518328509e+05
4.817789055156858376e+04
8.724938279658462852e+04
1.602347612975584925e+05
1.330583346264912689e+05
6.313425067093323742e+04
3.706617306188113434e+04
2.404517979702751472e+04
1.219759204995855252e+05
1.909008955807395396e+05
1.372945263598894235e+05
1.461628942572876986e+05
1.684603656991145108e+05
1.264569378369828628e+05
4.156756293546302186e+04
1.697286454789636773e+05
1.479386942458908015e+05
2.373120631743690319e+04
1.632178221339633747e+05
8.997004084764300205e+04
1.209580673292436404e+05
1.988801043658434646e+05
1.641981703438267286e+05
1.440969349372467550e+05
8.136521611960236623e+04
1.177449119643021259e+05
1.072605068338538840e+05
1.079213777279342612e+05
1.762660217538026918e+05
6.715977008684443717e+04
3.561875295119132261e+03
1.244149509953442794e+04
5.141294387470642687e+04
4.998789782791357720e+04
2.301972449822495764e+04
6.667426774242677493e+04
4.769622721261686092e+04
1.151678874937761575e+05
1.734102842175876140e+05
9.900603744467110664e+04
9.729566920544636378e+04
1.425109895063515578e+05
8.387861992987863778e+04
1.916222976601816481e+05
1.275021511771589285e+05
2.694791102594131735e+04
1.378539773036087281e+05
2.630757192236916671e+04
9.926244593746736064e+04
1.044007967428111151e+05
1.025551729606647132e+05
1.288650405305293680e+05
1.412392081387753715e+05
1.601106500526474265e+05
1.160660180563841714e+05
2.573787747290601146e+03
1.996144900020775967e+05
1.506318060842033592e+05
1.199499912203122076e+05
1.685143796171934518e+05
1.153052622898392001e+05
4.281296214351915114e+04
7.091940437543296139e+04
1.784271391027667851e+05
7.309569894380710321e+04
1.026132780369128886e+05
1.899232206932227709e+05
3.524305137647179072e+04
9.288200158802871010e+04
1.712627966727356543e+05
9.523398822729753738e+04
6.959398688852292253e+04
1.922324837528890639e+05
1.589570482889888808e+05
1.761134752173603920e+05
1.729940753524943138e+05
1.286408157143333956e+05
3.994316491135685646e+04
1.501264132315248135e+05
1.773120305915852368e+05
3.041697687311828486e+04
4.960756377876031911e+04
1.974877778518533451e+05
1.861870181112521677e+05
2.425795256683744810e+04
4.227232234340512514e+04
1.570311048980523774e+05
6.836477531026485667e+04
1.238620836101401655e+05
4.474067022918353177e+04
1.368084907616379787e+05
1.286927130181037001e+03
9.898786810282214719e+04
1.906580359274877701e+05
9.300633913968372508e+04
8.372974096386083693e+04
1.714039975386855658e+05
5.354542886765989533e+04
1.493587744361354562e+05
1.095937453980539140e+05
1.707781542318521824e+05
1.173395111385106284e+05
1.242559635097451064e+04
1.948601238150486606e+05
1.577342158261615841e+05
1.402434471902615915e+05
4.901633287287918938e+04
1.043323660990516073e+05
1.618977691952057648e+05
1.002297549335515941e+05
1.570745434876330546e+05
1.178415061014457460e+05
1.115834367562600091e+05
1.165822236253269075e+05
3.857014261457722750e+04
7.598264301483995223e+04
6.316224492851334799e+04
2.470773204106664343e+04
5.958043642751216248e+04
7.577243075388873694e+04
1.756138206527688599e+05
1.227209300419982465e+05
9.207580007504441892e+04
1.840756897172534082e+05
1.753988464952153445e+05
5.157101710110408021e+04
1.750853103569915693e+05
5.476840918548917398e+04
1.029545761912259040e+05
6.773648753378534457e+04
7.519802445778295805e+04
1.553444410923098330e+05
7.526807841212072526e+04
1.389807287187842885e+05
5.097863386398269358e+04
1.771980971884528408e+05
1.755955101880932343e+05
1.356189968655680714e+05
1.156065540449702166e+04
1.407184157531112724e+05
8.371357724617267377e+04
1.025443447019419546e+05
3.164629506528657657e+04
1.105913849482046789e+05
1.409774779095025151e+05
5.659614103055749729e+04
4.352201254192382476e+04
5.733378897675564804e+04
1.905196128162250970e+05
3.974960379898757674e+04
7.455450879252844607e+04
1.906316307565395837e+05
1.132307008809312356e+04
1.343333681859406533e+04
7.937076751139143016e+04
1.766444786614002660e+05
1.457494161666862492e+05
1.406071769670937501e+05
1.938534606807994423e+05
1.290465615144188487e+05
1.941652896766428021e+05
1.461473403559741273e+05
1.318261356526245945e+05
2.857084860201923948e+04
1.384780485749756917e+04
2.236115644721630088e+04
1.918646501668456767e+05
1.468085697910033923e+05
1.540852972865425400e+05
4.437065952538765850e+04
1.156768973011443595e+05
8.812466897864847851e+04
8.718641287395669497e+04
1.196132479069366382e+05
1.586901121317351644e+05
1.695460645760717744e+05
1.992686101050931320e+05
2.713971578144405066e+04
5.657442816416979440e+03
2.819401602701605589e+04
1.727499353270443680e+05
1.780257367825938854e+05
1.093188947451221320e+05
1.560425365621451347e+05
3.182948951933783974e+04
5.392401837554028134e+03
1.497692874086147276e+04
1.801640184578625485e+04
1.479970290729021945e+05
1.015756447265953466e+05
1.269808082834569068e+05
7.300451540898196981e+04
1.128002132989316597e+05
3.192240055422372825e+04
2.846910174497163553e+03
1.904100499262029480e+05
3.697759149640047690e+04
1.051390640218141925e+05
1.806806869839508145e+05
1.209847312478519161e+05
1.913906434395051328e+05
1.794710364445410669e+05
3.364391499659389228e+04
1.360103177947434015e+05
6.202938119236456259e+04
7.728248852009848633e+04
5.420065910813451774e+04
4.380119723619602155e+03
1.589168751129137236e+05
1.075710782516210165e+05
1.207262413171939406e+05
5.881977812137242290e+04
1.754264474863208598e+05
1.932431012148103327e+05
1.586853102085346109e+04
8.428160723900025187e+04
1.324284438319931214e+05
8.234476488559665449e+04
8.788130649703281233e+04
1.999284282864306588e+05
1.216440713149207004e+05
1.729402490900656558e+05
1.911574171079493535e+05
1.777871448782612279e+05
9.722455148400818871e+04
3.172955280020650753e+04
7.775485935836532735e+04
5.773316329949018836e+04
6.605869692337398010e+04
5.753948867410141247e+03
2.372130402429066817e+04
7.075115667608757212e+04
1.313023986196882615e+05
1.565647173172449984e+05
1.163153792612410907e+05
6.562945437341163051e+04
1.512069733988807129e+05
1.278779773087744979e+05
1.366003483348266745e+05
1.094673949350870971e+05
6.964003580451162998e+04
7.142001937753774109e+04
1.751545395267996646e+05
1.434068526477663181e+04
1.396170341695437965e+05
5.646349696933954692e+04
4.380723309236258501e+04
1.652999884578813217e+05
5.350846119428591919e+04
3.267111725884050975e+04
1.673045547007001005e+05
6.183641949692495837e+04
1.412663519316628117e+04
6.359665008892472542e+04
6.746681080045629642e+04
4.513310932106875407e+04
7.013293855329880898e+04
1.936919710374612478e+05
5.694843816628953937e+04
6.268159037731220451e+04
2.025075185806985974e+04
1.892468392351684161e+05
3.067307677680732741e+04
1.242564334702083215e+04
1.687589346240882296e+05
1.836594479349174944e+05
1.488555648041029053e+05
5.727820562006751425e+04
8.630625350772605452e+04
2.156501562235357778e+04
9.950248115221913031e+04
1.798413614833831089e+05
4.303235274844221567e+04
5.875989197517179855e+04
1.593889414371712191e+05
1.059784924519378001e+04
1.001013809274844389e+05
5.651006212672850961e+04
1.530647568745320314e+04
1.417908323943485157e+05
1.106133205021589965e+05
1.570275431427904987e+05
1.614170880885081897e+04
3.940401652304350864e+04
5.939326686136994249e+04
1.343701369915357791e+05
8.629015836486015178e+04
1.799210635540789226e+05
1.777795715995111386e+05
8.453092324345411907e+04
1.669339310745102994e+05
1.149782846566171647e+05
1.473109531052822713e+05
4.263908666684803757e+04
1.698526392748772050e+05
6.280254152821600292e+04
3.617673554277740186e+04
5.490165337534081118e+03
1.597926761517760460e+05
9.923152969950521947e+04
1.775009462622844148e+05
1.967956689476601314e+05
7.027168157603003783e+04
9.368004059692687588e+04
1.005498456313809220e+04
1.992680076875672385e+05
3.479148114373444696e+04
1.073894963633184670e+05
2.110351597351372038e+04
1.475326721641314543e+04
1.578005836800996913e+05
1.616943303265364957e+05
1.916829347548726364e+05
2.846841966840301029e+04
6.086531418267522531e+04
3.454953798291329440e+04
3.503275441204123581e+03
1.284868102622931474e+04
9.087113855379544839e+04
1.374955934943688626e+05
8.530503192175138975e+04
3.006235573169255804e+04
1.459621916710660153e+05
8.562246530529938173e+04
6.859750928157306043e+04
4.010261143732498749e+04
1.932518215253039380e+05
1.589994655504968832e+05
1.326329351247412851e+05
1.149683538934614480e+05
1.272131056863184058e+05
1.037259609269488719e+05
7.169355905533688201e+04
6.011905279334284387e+03
6.070271197550836405e+03
8.197869328469103493e+04
1.298474069962365611e+05
1.107516709343082184e+05
1.194098944576642098e+05
3.568163705691362702e+04
1.214125629866575910e+05
3.505353704323734564e+04
4.906056852013298339e+04
1.488891220667396847e+05
1.038740302458092337e+05
1.834235339113104856e+05
2.961241937024694380e+03
7.705143790115840966e+04
7.645646821693616221e+04
5.919017602324583095e+03
1.097272959526116174e+05
1.223992900306106312e+05
1.257528674338317796e+05
1.793863645744249152e+04
1.547116889279226889e+05
1.275185942112053017e+05
1.553272590005669626e+05
1.530992341289039468e+05
1.825173952913120156e+05
1.121444299682717246e+05
1.551661405563522421e+05
4.914349837916831893e+04
8.692179654100693006e+04
7.201351886465644930e+04
1.604114704732747923e+05
1.110241845598256623e+04
1.887718824380477017e+05
1.255585552081516653e+05
1.066256706594718999e+05
9.742996313669381198e+04
5.367815364000816771e+03
5.951065132740904664e+04
8.605304922327437089e+04
1.908184964003955829e+05
6.379419816085034836e+04
3.081562439067129162e+04
1.294694886646557570e+05
7.009637095982661413e+04
2.329606694160204643e+04
1.652174167594744940e+05
7.917679994912893744e+04
1.689015192676238075e+05
1.380450924539421103e+05
3.644642303982663725e+04
1.525780714539574692e+05
1.857999579880280362e+05
1.309647392892756616e+05
1.856594315825735393e+05
1.728259604480013077e+05
1.175755370740581275e+05
8.823327073326494428e+04
1.917261578532706189e+05
4.617783555952119787e+04
2.820358974269316968e+04
1.271049519899609732e+05
1.421325104182807263e+05
1.392538643381640031e+04
1.163534043908098538e+05
1.958643578936019185e+04
8.122381677495801705e+04
1.307191088218215154e+05
7.181171309620807006e+04
1.738089185587491957e+05
4.417828909382597340e+04
1.069230697964123538e+05
2.254942921824445511e+04
1.516956428772755316e+05
1.704995917801652395e+05
5.424893981436078320e+04
1.320605760618506756e+05
4.572431260421536717e+04
1.838139474007026292e+05
6.620532694906220422e+04
1.909162661330076517e+05
4.817396217420772882e+04
1.299045307190644235e+05
1.293687459427937574e+05
2.541876425258213931e+04
1.478906654635037703e+05
7.750448819447577989e+04
1.493360540118062927e+05
4.348977062750863115e+04
1.611563945622500032e+05
1.252415586792029499e+05
3.789565355100579472e+04
1.325388040280324058e+05
8.328213182377119665e+04
7.281156790899434418e+04
4.459259555422609992e+04
4.596700678997806972e+04
3.988973602601608582e+04
9.998558132787671639e+04
1.190579512015567598e+05
1.353276685718445806e+05
5.376184498333547026e+02
3.657756890176717570e+04
8.575202145500848928e+03
1.849667437543329725e+05
8.037148341874690959e+04
9.398811872753487842e+04
1.792994059622585191e+05
6.206865967354957320e+03
8.643887073953522486e+04
1.288053582414479606e+05
2.084806029787882289e+04
1.620268361667251884e+04
8.451926833101100056e+04
1.455757952857585333e+05
1.706437515581593034e+05
1.728275631111993280e+05
6.379954511296659621e+04
1.366824244879527250e+05
1.296510104266345879e+05
1.872949688299005211e+05
1.972570157717444526e+05
2.616829010850620762e+04
