3.309997410340324132e+04 9.392571206609469664e+04 1.451676557256279630e+05 3.437050645920225361e+04 7.712157191012996191e+04
1.665188788410890556e+05 7.515986647057268419e+04 1.619529253771574586e+05 1.905768582861281175e+05 1.545736945801695110e+05
1.785020503578448261e+05 4.496766869432993553e+04 1.944547594847044966e+05 1.656622886444654141e+05 3.989762883766691812e+04
6.034039128763148619e+04 1.637899508618176333e+05 1.933658236615187197e+05 1.204322632409880607e+05 1.461738902266678924e+05
1.835381751689964440e+05 1.977144015744969656e+05 6.668704783974245947e+04 1.255775958474887302e+05 1.033677722392420110e+05
1.911406827282218728e+05 2.925196482684781950e+04 1.402577157646085252e+05 1.419444753529640439e+05 2.677194393560089338e+03
1.490810758503096295e+05 1.312101552517503733e+05 4.107554497735494806e+04 7.189400287946278695e+04 4.539364908847878542e+04
9.387337928392952017e+04 1.748552484062677249e+05 1.382571707199882658e+05 1.336975967035692884e+05 1.841405903148747166e+05
2.366707737410940172e+04 1.735849491750053130e+05 1.860065970720421319e+04 1.898854312432194711e+05 8.838863022232374351e+04
2.348716963668657627e+04 7.167374976521456847e+04 6.473685793319434742e+04 1.524690872709775576e+05 7.592291130966089258e+04
1.905050949579086446e+05 1.542528380534573807e+05 2.110560779280423594e+04 1.836864743665122951e+05 1.978080410354183405e+05
1.877073608126430481e+05 1.594612367782453657e+05 9.289041441360826138e+04 8.546577238617413968e+04 1.078949155878948513e+05
7.759472889469329675e+04 3.193414778336966992e+04 7.378058115903263570e+03 9.622803047349530971e+04 3.520572391876888287e+04
1.258759165587250936e+04 1.611234305998212076e+05 1.913467917124908709e+05 9.713191351901942107e+04 6.705835316094521841e+04
1.985998869642615318e+05 1.835287651004475483e+05 1.587152516454022407e+04 1.923509411840842222e+05 1.960209641773240292e+05
9.856706889352184589e+03 1.773350058243242092e+05 1.005137560490252654e+05 2.881794864945212976e+04 1.938177500007954077e+05
4.286967775887020252e+04 3.439136288467820850e+04 1.137564304248958942e+05 7.235269163593072153e+04 1.363304936066917726e+05
6.126299981952063536e+04 2.563622551850603850e+04 1.670423829781398526e+05 5.009015497756252444e+03 1.407389288970840862e+05
1.930214488887072657e+05 1.027925044935384904e+04 1.205932344379535352e+05 5.007962237586629635e+04 1.693001655061026104e+05
1.651253179780819919e+05 1.211587759813932789e+05 1.446186198629428400e+05 6.166358842449884105e+04 1.971925662268372835e+05
9.418551605716152699e+04 1.750780430809938698e+05 4.177556260827634833e+04 1.324982731368168024e+05 1.385455892496444285e+05
1.720863820005078742e+05 1.677788579624154663e+05 1.233305957237138064e+05 5.282277220390254661e+04 2.695980812907137079e+04
5.793167009450783553e+03 2.650479109397165666e+04 5.612264324007028335e+04 4.556795468200514006e+04 9.360880616343510337e+04
1.790495509512679128e+05 4.920518012787027692e+04 5.910732563157765981e+04 9.372871300575949135e+04 1.336004877096613636e+05
4.697229949106884305e+03 1.472327515063865867e+05 7.212739782466590987e+04 6.479504647768168070e+04 1.094922161281825393e+05
1.687559357687656593e+05 1.169919782401923876e+05 3.964788098622724647e+04 7.931434065879257105e+04 4.471181597227142629e+04
7.052992426449058985e+04 4.612558527696084639e+04 8.059251541470004304e+04 9.355118314398356597e+04 1.483638312903752085e+05
1.057892996371660120e+05 1.973839210583376916e+04 8.956617224894667743e+04 1.323813549781704496e+05 1.187731497905392316e+05
1.718726995537283074e+05 1.549350455480623350e+05 1.157903062000031932e+05 5.656119317177217454e+04 4.419584502118884848e+04
1.413754754731280555e+05 1.118858791117605579e+05 7.356869426855572965e+04 8.307280633467060397e+04 3.155637846007521875e+04
1.273175262279758899e+05 1.514898231797932822e+05 5.138232062416458575e+03 2.714182408552810011e+04 8.793146560585917541e+03
1.885485119911238435e+05 1.300556152897568827e+05 1.027681560469420037e+04 1.221762616492521011e+04 1.348983788722850732e+05
1.552595739688445174e+05 4.826383546656292310e+04 1.287922807576542255e+05 1.926481662547131709e+05 6.348943757614729111e+04
1.253911083079105592e+05 1.687843750002068118e+05 1.461214792606761912e+05 4.647698803522926028e+04 1.058416408477816003e+05
1.407267555217796762e+05 1.720509714339209313e+05 1.664110878413351311e+05 1.867133363235025317e+05 1.621206290932983939e+04
1.246116239371276315e+05 1.366988574366430112e+05 8.827650890620853170e+04 1.724661939998381713e+05 1.090972302445647438e+04
9.076695165669362177e+04 8.784123731996440256e+03 2.239873835733121450e+04 7.032825268079922535e+04 1.832236340951553138e+05
1.786618626653588944e+04 2.053899374916700981e+04 1.241051954378002265e+05 1.935284895926770987e+05 3.545470229842122353e+04
1.055352832732697134e+05 1.183475619297262165e+05 1.151108870824986370e+05 1.238401011037433345e+05 1.765547044696949306e+05
1.293056621364161838e+05 1.763863201345083362e+05 1.834001480791514332e+05 1.103979135874608328e+05 4.668150190437210404e+04
1.717528643123449583e+05 1.803057009827343863e+05 1.009947683340552758e+05 1.902469205374157582e+03 8.627987162108191114e+04
1.109643637800175020e+04 1.766521799658868986e+05 5.402430659530279809e+04 5.257058125845672475e+04 9.779403018075707951e+04
9.858038159217684006e+04 1.063106413541367074e+05 1.454101010402022803e+05 1.150925324757072085e+05 1.721248429718128464e+05
9.018038389041915070e+04 6.605176330265638535e+04 1.256890361756070779e+05 1.069588726933430589e+05 1.500481414887633400e+04
1.194130391798217606e+05 1.670588143707106938e+05 9.141150586844950158e+04 1.918718410308123275e+05 1.335793927670060366e+05
1.650360592416754516e+05 1.340795737505531288e+05 9.958847674470146012e+04 9.460223260274546919e+04 1.324564629447147017e+05
1.030842587293047545e+05 1.718274129258590692e+05 5.122267091505343706e+04 1.891242187738884531e+05 1.949569978731915471e+05
1.000150289715247200e+05 4.774711241871976381e+04 1.219393351858610913e+04 1.487771507864043524e+05 7.503354757342734956e+04
1.898991911606432113e+05 1.754664630535878823e+05 1.786506224083478155e+05 5.898993326499874820e+04 5.932696874692044730e+03
1.712868843567774747e+05 1.721148848773626087e+05 5.621948542472002009e+04 1.108436494319070480e+05 3.053188676415625741e+04
1.174150969100064394e+05 1.210143370104059868e+05 8.746012956563697662e+04 3.592027627298781590e+04 9.953724424884516338e+04
1.405836521212790976e+05 5.860346100570055569e+04 1.179017277456106967e+03 9.221473716347194568e+04 1.079443286709276290e+05
1.494222880327162566e+05 1.004540893544528080e+05 1.941865150004016468e+05 1.386905006001252332e+05 2.107013659601506515e+04
1.992747047161342925e+04 1.083902740990021994e+05 1.680268832665050868e+05 1.519895350665520818e+05 1.441575823992679652e+05
1.360179407997983435e+04 1.238695179147521412e+05 8.474823148191616929e+04 9.674554292206544778e+04 4.390401080402153457e+04
1.802688505336598319e+05 8.470685674275524798e+04 9.297418762352576596e+04 3.227142959897057881e+04 1.260141985675005417e+05
8.199408986516742516e+03 8.919609109595142945e+04 2.973689092202771280e+04 4.820935280465523829e+04 9.431540515887859510e+04
1.851199121676058276e+05 1.138090195257077867e+05 1.176504239375150792e+05 1.068989036342801555e+05 1.253597655057477823e+05
8.963109459241165314e+04 1.620489487394066819e+05 8.170054234370664926e+04 4.122114160555187846e+04 2.239326361230749171e+04
3.176817985061974832e+04 1.205840289226542518e+05 6.058658247259485506e+04 1.496876792032629892e+05 1.733784927122382505e+05
1.336755600974610134e+05 6.075364271273313352e+04 1.717714631040680106e+05 9.169146432165558508e+04 4.968774064802510111e+04
6.963476071337661415e+04 9.605816612187518331e+04 4.601922375730847125e+04 1.799969653101425210e+05 1.747218401023937040e+05
1.032279574445993203e+05 1.170625929255418887e+05 1.068394392467349098e+05 1.748568741729025496e+05 9.738506599326225114e+03
7.201722545970047941e+04 1.235194799746468925e+05 9.268211377529743186e+04 1.323750216547541786e+05 1.653974590485605586e+05
1.486085586814627750e+05 1.360379642023805936e+05 5.843870330115574689e+03 9.644513162558634940e+04 4.181649610084110464e+04
1.438002541948088619e+05 7.293632561775056820e+04 6.969166416414167907e+04 1.725273212791563128e+05 9.213139672460049042e+04
4.327665183015914226e+04 1.258414247893011343e+05 8.052235423208340944e+04 4.329757737381765037e+04 8.718012956542888423e+04
1.672235609208328242e+05 1.629042508870165329e+05 1.481484867612457892e+05 7.195952001092249702e+04 6.019060284574992693e+04
1.550564240147907694e+05 4.235657126507606154e+04 1.554831217205027060e+05 9.283430725651700050e+04 2.394902612095912627e+04
1.103866753738726838e+05 1.416360781976344588e+05 6.622733711983257672e+04 1.561808534092247719e+05 6.736942517332411626e+03
8.434668686799739589e+03 2.951783771208196413e+04 7.065332759405804973e+04 6.235021224590584461e+04 1.093225567768271576e+05
1.916481329815947684e+05 2.334073899026825165e+04 3.678647607083771436e+04 1.252232263840046944e+05 7.407294573491072515e+04
1.362384159698297153e+05 9.187343040771105734e+04 1.983176537656937435e+05 3.021806805449280728e+04 3.230816808222711916e+04
4.084860664329145948e+04 1.117992114147999528e+05 9.350713103317818604e+04 4.965933646076188597e+04 3.388753097332997186e+03
1.704385091652829724e+05 6.934284894506592536e+04 1.311837352334321768e+05 1.270415432407527805e+04 1.221179203478456766e+05
6.096302685383305652e+04 9.738939035316900117e+04 1.875281630945238066e+04 1.643518378410993901e+05 8.002014926620060578e+04
1.534945189607564535e+05 5.523234116364814690e+04 1.205517488042486802e+05 1.748651572019748273e+05 8.509076921368634794e+04
4.039010192456293680e+03 6.908955780863612017e+04 3.487750776803202461e+04 1.256905132440486923e+05 7.805007524419513356e+04
1.344278634996571054e+05 1.280902096023690501e+04 1.236725274474461730e+04 3.225733687197009931e+04 6.738897119752354047e+04
8.951890886653529014e+04 1.785240807854708983e+05 1.525736210306283028e+05 1.398730359575073526e+05 1.832015280220918066e+05
1.639266350468273158e+05 3.803603731519733628e+03 1.860949235022690800e+03 7.986378317969433556e+04 2.489674025513088782e+04
1.757156382931710978e+05 1.486599627790630620e+05 6.193696788498983369e+04 6.553558208177394408e+04 8.091591461164568318e+04
1.411327222197293013e+05 1.849959764676514606e+05 1.510465168129647791e+05 1.813822118801387114e+04 6.546404096092566033e+04
1.380169973287175344e+04 1.618116975353873859e+05 5.522813055492396961e+04 1.469897605667727476e+05 1.303669623456343252e+05
1.375230380842251761e+05 1.641017010038520093e+05 5.030189609894475143e+04 2.730409756043339439e+04 1.509977823192847427e+05
2.435933179231897157e+03 2.965236335903342842e+04 1.091882951904124930e+05 1.084394548725381028e+05 1.837423812325113977e+05
9.507167954631122120e+04 5.846980537377572909e+04 1.764200326702050515e+05 1.346962366066933319e+05 9.651122101494928938e+04
1.344708717283230508e+05 5.863140632963410462e+04 1.784232962320883526e+05 1.183641054597712500e+05 1.120080181644596887e+05
1.783881021622660628e+05 8.823117449902166845e+04 8.043223916314680537e+04 1.545525088496505632e+05 1.726868115939271229e+05
9.016804602883728512e+04 8.852822915563329298e+04 1.561352149894465983e+05 2.416539212979087461e+04 1.080187933785121641e+04
1.812526029204806036e+04 5.956787818018758117e+04 1.570460421014567837e+05 8.700858995048965153e+04 6.152110102892824943e+04
1.436718539947957615e+05 1.497793328471126442e+05 1.922511409751497558e+05 1.834953496063051280e+05 8.295202282465828466e+04
1.115804883551077364e+05 2.534498574950441252e+04 1.908116569896761503e+05 1.586939350835159166e+04 1.103701236370880069e+05
5.718414759926577972e+04 1.669190212117588089e+05 5.055544447053341719e+04 5.214727836196972930e+04 1.964574480778244033e+05
6.122712144404700666e+04 8.924388557479478550e+03 1.331286646025157243e+05 6.863047960534780577e+04 3.999546431651692546e+04
1.593612506836525972e+04 1.077486803860156215e+05 1.912369926833360805e+05 3.904243449478635011e+04 1.996470895808562345e+05
1.277405223777336796e+05 7.990846877018931264e+04 1.174979518755361933e+05 5.450775986347924481e+04 4.716970703390752897e+04
7.926214005483778601e+04 6.972189811172298505e+04 5.960077764525768725e+04 1.822362310349825129e+05 1.982700608730015520e+05
8.743818885980718187e+04 1.131061791444463233e+04 2.390028599703835062e+04 1.762479474713575328e+05 1.622092401231935655e+05
1.526893752905403671e+05 1.654447002022249217e+05 1.926983265109546774e+05 4.433943854161268246e+04 8.286992473871767288e+03
