3.799445398229970306e+04 1.513257226955864753e+05 1.101982960797658598e+05 3.025155521752342975e+04 9.647307244337876909e+04
8.328928335026874265e+03 1.649953619214844948e+05 1.987363278606164677e+05 3.361039739293358934e+02 9.665819635542746983e+04
1.687214013729324797e+05 6.275702398732175061e+04 7.576440831542659726e+04 1.383034194465270557e+05 1.991845808333805471e+05
1.652787730510520632e+05 9.788067337341324310e+04 1.492042132802999695e+05 6.761949821026220161e+04 1.498145057881908433e+05
5.619838258060772205e+04 7.099583700584962207e+04 7.159452824231781960e+03 2.104176077988741963e+04 1.554231906000229937e+05
5.715918289244201878e+04 6.826782712610423914e+04 1.278006003057162743e+05 2.633349654541059499e+04 3.721905229147009231e+04
8.958422721630238811e+04 9.471226104795981882e+03 7.991262064851207833e+04 1.581510262003811295e+04 7.731293753170406853e+04
7.964066275486032828e+04 7.596671848833968397e+04 1.691317412075326138e+04 2.071714464760190458e+04 1.660206242814432189e+05
1.169296495237134804e+05 1.775252391607472382e+05 1.100240897175480932e+05 9.539336328072287142e+04 1.326077718895738362e+05
8.720435857260040939e+04 5.584870303985156170e+03 1.986054698622294527e+05 1.849491740106661746e+05 1.868201164337225491e+05
1.272117195250236982e+05 1.200866568457824324e+05 1.807944735030575612e+04 9.892300608348814421e+04 7.968938887308785343e+04
5.772109762019506161e+04 8.773351999220185098e+04 1.162691436340015207e+05 1.694115230125664966e+05 1.098089596628826257e+05
1.563298168235297780e+05 3.793647868038622983e+04 1.476597387668004667e+05 1.351671059772052649e+04 3.186064291111168131e+04
1.073677883113492280e+05 1.080444097982209641e+05 5.633679265463016054e+04 7.410632128535941592e+04 1.866480762176905409e+05
1.767311778483115995e+04 1.586474026379097486e+05 1.962687627522163966e+05 6.323603282397891599e+04 6.224939511546446010e+04
1.248929186328036885e+05 1.447282893860203912e+05 1.197439899992733845e+05 1.203391513742544630e+05 2.166470584157262783e+04
8.608364911645298707e+04 6.462860260145435313e+04 1.936173543810717456e+04 4.054077441855028155e+04 1.597058776802585344e+05
1.981021805862886249e+05 1.683766554474244185e+04 9.518260479703007150e+04 1.009738717564150138e+05 2.245760162224230589e+04
7.050841197873635974e+04 1.230110971519640152e+05 1.351790171548058570e+05 1.390310384713058884e+05 1.074188417419868201e+05
1.516187444344419637e+05 7.196823058678585221e+04 6.674575032459593785e+04 5.012677065464277257e+04 8.531987914183225075e+04
1.935146473603860359e+05 1.640018545320115809e+05 1.270662732150379452e+05 5.803246398160429089e+04 3.459524449392790120e+04
1.878148411634493677e+05 6.095266838455692778e+04 1.812136243629381934e+05 5.520632034527455107e+04 6.469430947402647871e+04
1.791307042362595093e+05 3.640627805875425111e+04 7.452007276614091825e+04 6.661901965436909813e+04 8.568583439299890597e+04
1.324763305388498993e+05 1.492327188868991507e+05 1.090362848206670315e+05 9.499178810621953744e+04 1.408769445628135145e+04
5.040155292778911826e+04 7.104236656907842553e+04 1.120304200823203137e+05 1.561187424129338760e+05 1.545208422158856993e+05
5.488436803460796364e+04 1.779754517149232561e+04 4.090218197926054563e+04 7.395579915365060151e+04 1.020959805487440026e+05
1.264724755146777461e+05 1.525216441366581130e+05 1.478368430836558691e+05 1.117083794490303117e+05 1.918208365667650651e+05
9.260937129369071044e+04 6.614799444890835730e+04 2.396665883420798855e+04 1.959933079480642336e+05 4.768953170835204219e+04
1.741626297877542384e+05 1.645311451827221026e+05 1.490112601696155907e+05 1.072018921414070792e+04 1.784067117605159874e+05
1.705399342737837287e+05 2.497928139497198572e+04 1.018942133735121024e+05 2.264371368101256667e+04 9.205612097496907154e+03
1.282485511280784849e+05 1.906303268540842982e+05 1.417710792429697467e+05 5.831391572865634225e+04 1.293491044690637646e+05
3.616600913368397596e+04 9.896140635115806072e+04 8.882470318581287574e+04 1.803520436253481894e+05 6.460409348096441136e+03
6.831184352073780610e+04 1.532686075164219365e+05 1.509540344801069587e+05 1.554334818086097366e+05 5.965457826269753423e+04
1.459940408589399594e+05 6.104827696049137739e+04 1.187692615053696209e+05 1.756618088909254584e+05 1.474812144005188311e+05
1.341283649668237776e+05 1.591431642400059209e+05 7.217665085435642686e+04 2.394946001942743806e+03 2.377904419086731650e+04
6.995499847966559173e+04 1.734054223323027254e+05 8.027434395378496447e+03 9.760856817392422818e+04 6.351696564300870523e+04
5.388434605548655236e+04 9.962751367326400941e+04 1.341579315267085913e+05 4.782830735291967721e+04 1.203747802592828521e+05
8.309139157710787913e+03 1.784531119410457031e+05 1.495894063156314369e+05 9.816316199266751937e+04 1.163962464780836017e+05
1.623808819737784797e+05 1.710047183196269034e+05 9.105414762599841924e+04 1.763517849315841158e+05 1.682563299444067234e+05
1.858412171052993799e+05 1.041006544323042908e+05 1.607611573596179369e+05 2.620157097524298297e+04 1.668142425443552202e+05
7.818883392422177712e+04 5.943678496788371558e+04 5.986538601430952986e+04 3.403596990420862858e+04 1.760453554879104486e+05
1.595657850591762108e+05 1.177771525122265302e+05 1.736418382126727083e+05 1.457296934868301614e+05 7.893498122158127080e+04
5.275944540324142145e+04 1.786912774070872401e+05 5.476330465545147308e+04 1.493499009110955230e+05 1.135533538519284775e+05
1.453921988485156326e+05 1.807379130057906732e+05 1.465988821574058966e+05 7.494539577316703799e+04 5.253879111644461955e+04
3.378104583303070103e+04 2.543307481204759461e+04 9.420931262356025400e+04 7.899742086590226972e+04 1.487654889782538812e+05
1.542015836549812811e+05 6.582227762124665605e+04 5.826571679973106802e+04 1.634796286319540231e+05 1.467352082789479173e+05
1.292955792950942268e+05 1.683090993093607831e+05 8.804614656961341097e+03 1.193702757016429532e+05 1.149509158255507937e+05
1.435466872892066895e+05 1.419875260091747332e+05 2.166337283717334685e+03 5.998209429855780763e+04 1.613094317365193274e+05
1.800095877298822452e+05 1.129648762254691392e+05 1.569113305620899191e+05 7.766446361944367709e+03 4.244075196540133766e+04
9.795117612276216096e+04 3.292972086264182872e+04 2.889024169374294797e+04 1.585576321673294005e+05 4.171190923994620971e+04
7.133129249263909878e+04 6.367045011426464043e+04 8.763882939109054860e+04 1.535900769849392527e+05 1.303219762991372409e+05
5.721540633390460425e+04 1.073528083237422834e+04 1.476046053081652499e+05 1.013885862632165372e+05 1.783790680700626399e+05
2.146450184888415606e+04 1.650669407259997679e+05 1.598538735719822580e+05 1.016385588998186286e+05 1.259790735513162799e+05
1.156165280495193874e+05 7.990506444787594955e+04 1.505776845252700732e+05 1.437317168185494957e+05 1.842667571106721589e+05
8.686679379865172086e+04 9.904470292657769460e+04 8.883469696905670571e+04 1.833986360862923029e+05 4.405938757476106548e+04
1.869783923182556755e+05 5.709765070016670506e+04 1.030690236157614854e+05 1.326397442677741055e+05 1.076197996534354461e+05
1.252814845121249673e+05 2.774091367438125235e+04 9.571527724866404606e+04 9.093342241242414457e+04 1.165772550728294736e+05
1.133865005083790893e+05 1.129158818841457833e+05 1.885079363156835898e+05 6.699344791882584104e+04 7.284211538099157042e+04
1.322820644392031536e+05 4.967089515096194373e+04 1.073349640603395528e+05 2.741405427018315095e+04 3.874365208075607370e+04
7.991350217088837235e+04 8.675439867567493638e+04 2.417708504471325432e+04 2.765603769594275946e+04 1.465846685877553246e+05
1.518398675944201386e+04 8.785108937286338187e+04 1.246018267973389302e+05 4.626802590404657531e+04 1.177223496019705053e+05
4.995259969960083981e+04 6.798730473878695921e+04 1.506588518291070941e+05 1.327676402548929036e+05 1.727268853207090870e+05
1.742595076469651540e+05 4.546112792529440048e+04 8.245599883955197583e+04 1.090912856766585755e+05 7.704354294724378269e+04
5.850802222482635989e+04 1.200990551264623500e+05 8.054254119239561260e+04 4.238019610219068272e+04 1.693962335610705777e+05
1.249912384002474028e+04 1.640731832158885372e+05 1.664456043322064797e+05 1.527885837101450888e+05 7.120775565460215148e+04
1.277287804274305818e+05 1.473478409619097074e+05 1.770148539065811201e+05 1.552733772724412265e+05 4.510542761950866407e+04
5.001564140559353837e+04 1.565243347104851855e+05 1.053986676170274732e+05 4.482525088925399905e+04 1.276917497282635159e+05
1.506026472408453410e+05 1.253840352207234537e+05 6.937456535177057958e+04 1.059091778860263912e+04 4.429330069598589034e+04
3.535580738985408971e+04 9.383559995589773462e+04 1.473909595612290468e+04 1.955579712013150274e+05 1.121612365640147764e+05
4.186293566100678436e+04 1.176846169390715077e+05 2.756638675696947394e+04 1.864666872953125858e+05 7.455740073869710614e+04
3.051976203805331170e+04 1.837961090909830818e+05 9.882545953208381252e+04 6.357344632342563273e+04 8.337621348272934847e+04
1.436102718417702126e+05 1.699203453607533593e+05 2.687662738222924600e+04 1.042848359203017317e+05 2.842320068965127211e+04
1.140300132862042519e+05 1.843260397365941608e+05 2.967946711998796673e+04 8.968181198579423653e+04 6.195635646728952270e+04
4.672530520416935178e+04 1.058486594572852919e+05 9.770966385574059677e+04 1.718324673605470161e+05 4.714975158800482859e+03
1.186547584607111639e+05 1.038002396638311329e+05 1.349105573697401560e+05 1.538182776537786704e+05 5.466772573335685593e+04
1.728821672727637342e+05 1.936630690940499562e+03 1.988171261339821212e+05 8.149873503145397990e+04 1.176590565396877355e+05
1.650297997671971389e+05 9.314821410939424823e+04 1.625224010637500396e+04 4.467541976394740050e+04 1.360587563161213075e+04
1.668345526158798602e+05 1.672011107713776873e+05 6.129524718300605309e+04 1.999614622044039133e+05 6.790113637725347871e+03
2.089242347346122915e+04 8.532783008825815341e+04 7.935060500041224259e+03 1.138429490991311759e+05 1.251230276764156952e+04
2.035384625132090514e+04 8.189348389793868409e+04 1.014800144714716589e+05 1.435021577658134047e+05 1.849763309833680978e+05
6.952758210071086069e+04 1.274458650914023892e+05 1.314370287620364106e+05 1.761781942068325588e+05 9.653825258967088303e+04
2.622460671794695372e+04 1.682490654387978429e+05 1.399491089354259020e+05 6.061711398923883826e+04 1.335700686897910200e+05
7.528310749074177875e+04 1.306476523544025840e+05 1.844858769711841160e+04 9.065055931935968692e+04 1.137550084503190446e+05
1.973661372205625230e+05 5.446889578862144117e+04 4.907055955080594867e+04 8.076045219647267368e+04 9.493428693014649616e+04
4.097569111367176083e+04 8.928665254529184313e+04 7.718254403723494033e+04 4.578875197520200163e+04 9.502595749488470028e+04
3.831144657229246150e+03 1.049398738284298888e+05 1.588292930836161249e+05 2.549753404847723141e+04 1.737395807098192017e+04
1.551914435178667482e+05 1.939063891678676300e+05 1.519896382746739255e+04 1.442559946348002413e+05 7.456592790546981269e+04
6.432611371568004688e+04 1.911522560515753576e+05 1.978669064221954031e+05 9.210878265733538137e+04 7.883492902812079410e+04
8.781662301874162222e+04 7.305003329634871625e+04 1.114450992270603638e+04 1.178070270693872590e+05 1.084828036031878437e+05
4.310359440175101918e+04 1.644552050028435769e+05 1.389103587746036064e+05 3.199970949151131936e+04 8.342962510347813077e+04
1.625878040317496343e+05 1.572757810250592302e+05 8.951443198057349946e+04 1.615388251660965325e+05 7.776056355085561518e+04
1.971755702228678856e+05 9.556774804105242947e+04 8.964345017384412131e+03 1.405768822047294234e+05 1.614542845197159622e+05
2.822912580859324589e+04 1.909731977611979528e+05 1.852591128661849143e+04 3.622981982018935923e+03 2.321616663298391359e+04
2.919179111892600122e+04 1.398044639501511992e+05 3.413059283878225688e+04 1.520623386174785264e+05 5.106868619426869554e+04
1.330986740149607067e+05 2.081027811556559391e+04 5.434548221545667184e+04 8.433383731233139406e+04 1.188046353778902267e+05
6.314757593111397728e+04 1.133542313304560776e+04 1.593964152456497322e+04 1.671526410857859009e+05 1.420570364923350280e+04
3.842770799350541347e+04 1.346656001241005433e+05 9.229609666639282295e+03 1.028220859671802755e+05 1.249536385476871073e+05
1.774740963937172201e+05 1.624570688010781887e+05 5.150264144101463899e+04 2.426450996474151907e+04 1.056557805575244420e+05
1.907886368475895724e+05 1.937258594197887869e+05 1.024923953881483758e+05 1.446348765621364582e+05 1.284322626460780593e+05
9.415033522772071592e+04 1.354218546454164316e+05 1.483567336515281931e+05 1.113408492173327541e+05 6.301514297509029711e+04
1.710389965479391685e+05 1.230547639423275104e+05 1.221046746723226388e+05 1.544664453190620698e+05 6.866904646669405338e+04
1.458306393878097297e+05 1.563800211012269137e+05 1.712194021767824015e+05 4.824899461943164351e+04 1.961709665583094466e+05
1.889260197111418820e+05 7.248826979025195760e+04 1.436337793999471432e+04 1.657997674899925478e+05 1.832027144249237026e+05
8.351296363136681612e+04 1.661838223689039587e+05 1.316510608879988140e+05 5.097738488111174229e+04 1.625855155836836202e+05
3.878023257849692163e+04 6.388342582648207463e+04 1.495194626167931128e+05 6.872839700902148616e+04 5.464615540034179139e+04
1.698292716704565973e+05 2.210860068316990873e+04 1.200576442067592870e+05 6.437605883859995811e+04 1.207621275209354935e+05
7.723307904597617744e+04 1.910185336488832254e+05 1.900945021702644881e+05 1.784802243880491296e+05 1.583197682823380164e+05
1.167291372865873418e+05 1.684362520336422313e+05 1.275333878312703018e+05 1.645604284640327387e+05 1.066390542744948762e+05
9.111640162620067713e+04 1.619598149146187352e+05 1.645611434401300212e+05 6.525213848382796277e+04 4.211584806088369078e+04
9.840657379064068664e+04 8.978744064776833511e+02 5.418797776464833987e+03 1.657138123194252839e+05 1.482048236553563584e+04
2.754644624965705225e+04 1.436298724243602192e+05 1.249745594794274366e+05 1.837173170799420332e+05 1.916011721604143677e+05
1.948883274171078810e+05 1.159023256644134817e+05 2.391063487416174030e+04 1.798450781477071287e+05 9.416799215312793967e+04
1.990071035310963343e+05 1.148725022110376158e+05 2.830014615071305525e+04 5.154131678544371425e+03 1.897532834746258741e+05
1.969125119666198443e+05 1.468882783045755104e+03 1.566348814536471036e+05 2.252532589155269307e+04 7.050439784006174887e+04
7.606877544247962942e+04 1.369971412297373172e+05 4.659857486305583006e+04 1.175772192546458391e+05 1.065921626765295950e+05
4.506364600245522888e+04 5.771526443388756888e+04 1.671814476759949684e+04 1.052696312509492127e+05 1.641258038531923667e+05
1.748294176237560459e+05 2.244436604837154300e+04 8.866643048999547318e+04 7.884250432587793330e+04 1.923306985904036846e+05
8.535796176815930812e+04 1.375019690730137154e+04 7.033486904342490016e+04 1.302305704910172208e+05 1.221345066045638378e+05
1.034945291015667608e+05 1.441343541286710433e+03 6.264280861938049929e+04 2.568390341740700751e+04 9.644258778965166130e+04
1.575301997040803326e+04 1.227797408532103291e+05 1.039595870723606640e+05 1.490906158546037914e+05 1.219919749455614656e+05
1.421530918373021705e+05 6.543081823393474770e+04 1.685466859428318276e+05 1.388102538357987360e+05 1.066785804430785647e+05
8.357250573056098074e+04 1.326656779185734631e+05 1.239629105776629731e+05 1.388317437794581056e+05 5.255075477165964548e+04
1.404509227963155136e+05 5.916124273952982549e+03 1.680264956661598408e+05 1.203097625352189061e+05 1.200242177451750613e+05
1.431550562066505881e+04 1.651404558321326913e+05 1.924782134026097192e+05 3.755844449564898241e+04 1.235870920075470931e+05
1.886722195146517479e+05 9.126624326181859942e+04 1.356714684703157109e+05 3.440028491434241732e+04 1.510884713551248715e+05
5.461377073733035650e+04 1.459569293581700476e+05 5.516371647865529667e+04 8.910403189079283038e+04 4.804006199547350116e+04
6.287955126769498020e+04 1.819232668090957159e+05 2.173431278101804855e+04 4.434895547945178987e+04 7.176508433253176918e+04
1.467220470969009912e+05 2.364448808266006381e+04 1.197566025636329687e+04 1.245594925788181135e+05 3.010673338858793795e+04
1.660089481041096442e+05 3.712990618296814500e+04 9.141700729072344257e+04 1.583204330239550327e+05 1.376743537055560446e+05
7.053161571741027001e+04 6.503724648872228863e+04 1.973034003268117158e+04 3.462174709087881638e+04 1.439194745427206799e+05
1.902933693270736258e+05 6.671745906692698190e+04 9.302980584364836977e+04 1.248685668096793961e+04 1.373057135812734487e+05
1.802416999759484897e+05 1.107694285096804088e+05 1.068627898094527627e+05 1.656541230361985436e+04 4.723161603395902057e+04
1.001476129505037388e+05 1.592753139428957656e+05 7.338194204203189292e+04 1.194112390155083121e+05 8.611508521055597521e+04
9.251711878991674894e+03 7.083046993816117174e+04 1.561456071632636595e+05 1.873960756778989453e+05 1.708240634117519658e+05
3.993193630820541875e+04 1.528905972021239577e+05 1.531938719697552442e+05 5.620948482409449207e+04 1.942207701462329715e+05
1.142909418684068951e+05 1.415107777037661581e+05 2.602234917236279216e+04 6.634548941119950905e+04 6.910151700248055567e+04
4.009080955268580146e+04 1.425797340143836045e+05 5.824230934855702799e+04 1.606034036547657161e+05 7.169266104192551211e+03
5.332827902562702366e+04 2.617096021150182423e+04 1.434127565182672988e+05 1.444006280460716698e+04 4.934428630025227176e+04
5.258534144912798365e+04 7.581228912819108518e+04 9.999007385766631342e+04 3.633758345333024772e+04 6.405737693870479416e+04
2.004072371756415669e+04 1.187896898615317768e+05 2.677554861415392224e+04 1.544680176380761259e+05 7.597588672379495983e+04
6.721847168354976748e+04 1.493829083537696279e+05 1.441568861512913718e+05 5.353720598997211346e+04 1.862983772254507639e+05
6.232578663441650133e+04 1.941668593105123146e+05 7.891666049974138150e+04 1.002559852409989253e+05 1.033786268485239452e+04
5.453908240533171920e+04 5.600045753300444630e+04 9.330571667289367178e+04 1.721427040188608808e+05 1.912585212317788391e+05
2.861705722467666874e+03 1.405607959934369719e+05 1.761499575984317344e+05 1.095210751181323139e+05 2.423313460340008533e+04
7.509546413740042772e+04 4.667016024177781219e+04 1.536223781242061232e+05 1.005451276744289644e+05 1.690767090438865707e+05
1.731254549460533599e+05 7.578152548079761618e+04 1.198946855552341731e+05 1.709520128811569884e+05 1.808232265954933246e+05
1.350526457684072666e+05 1.515340577490915712e+04 1.234851757988760364e+05 8.706066696081562259e+04 1.478798409728157094e+04
7.789312932265286508e+04 1.311658366749710694e+05 6.788494855990103679e+04 3.432800913175106689e+04 5.942369726859764341e+04
1.742622474453895702e+05 1.421519900467194020e+03 1.184277797366691520e+05 5.938189642842828471e+04 1.605917380646820820e+05
2.098936083300380051e+04 5.523931082660016546e+04 3.608560145156986982e+04 2.629062855664161543e+04 1.664825037126221869e+05
1.456863079809749252e+04 1.362377247345511278e+05 4.274198560432320664e+04 7.679352541811131232e+04 1.868339326506833022e+05
7.568326341559356661e+04 1.832714575092433079e+05 1.093513444250547909e+05 3.885359323279342789e+04 7.955487762215778639e+04
1.286788051909507776e+05 1.021597920527670212e+05 1.298667344056508882e+05 1.859729025166799256e+05 1.257702072507433877e+04
1.434093918210614938e+05 8.819488750253405306e+04 6.196229771333048120e+04 1.545732908552836161e+05 6.281623219043628342e+04
2.968952486050033986e+04 7.495695434217242109e+03 5.491350046648555144e+04 1.224785328777584073e+05 4.313445147534231364e+04
1.072843722618640750e+05 1.535606498964559023e+03 2.800046206762767542e+04 6.661371315540697833e+04 1.801294114563241892e+05
7.075200745228478627e+04 1.048087665849627811e+05 7.999906824495474575e+04 7.113240393209268223e+04 1.076047753785366367e+05
1.503746114638280997e+05 1.285655746201485308e+05 1.906441953989598842e+05 1.576330128064507444e+05 1.937647340269256674e+05
1.984702944599683178e+04 1.397979700714455685e+05 2.313086229847409777e+04 1.284063955238601338e+05 4.124842048584054282e+03
1.950867605442046479e+05 1.318250255215218058e+05 1.640401792066474736e+05 8.720081738187499286e+04 8.555034826466691447e+04
1.385520461779790057e+05 3.026883101353803431e+04 1.916666653071327892e+05 6.570768758433815674e+04 3.786339800613227271e+04
3.345899136168586119e+04 1.793304126164087793e+05 1.644411271344837151e+05 1.972476529791595749e+04 1.003391772637104150e+05
5.785081802578311181e+04 5.331806613849492715e+04 1.292862183792652213e+05 1.902921339585188543e+05 1.468935674529905082e+05
4.242996869604871608e+04 4.072807383790144740e+03 5.409833028795383143e+04 1.661292915619272435e+03 1.341370706009545247e+05
1.170086123584347370e+05 2.003162260753541705e+04 1.943335020395959727e+05 1.365929378438357380e+05 1.744718661650617287e+04
1.282685908220135752e+04 8.105703150581631053e+04 7.135684952531923773e+04 9.790942842631146777e+04 6.162876079576569464e+04
8.250370206268878246e+04 7.338918810367744300e+04 2.793391793403254724e+03 6.295346180890550750e+04 1.530650814541910368e+05
1.551546081665698730e+05 4.759950035724793997e+04 3.126823747985563386e+03 1.286603351504301827e+05 8.462068160700034059e+04
1.478612645806351793e+05 2.587874322597636274e+04 4.340828558457232430e+04 3.421873817091951787e+04 3.169889665902987326e+04
6.672215279714601638e+04 4.756859871456420660e+04 1.183367130820513121e+05 4.009170409534723876e+04 1.982813110535945816e+04
1.202377612499477109e+05 1.604384920812841447e+05 1.603894603647928161e+05 1.851000270697214291e+05 3.600260361777296794e+02
4.509674995961545937e+04 1.526600157331448863e+05 4.962698309143596271e+04 1.312106620774792682e+05 1.687546126713662234e+05
1.493164650828593294e+05 5.538652085307236121e+04 1.598016158101297042e+05 1.612023419845161261e+05 1.130644321194564873e+04
1.560433479731204861e+05 8.040834972099469451e+04 9.881825194670594647e+04 1.559813600594346935e+05 6.007409797005247128e+03
8.540318514540347678e+04 1.601131073446495611e+04 1.692120970872194157e+05 1.297523207914647646e+05 8.139593575451291690e+04
1.423875035907540223e+04 1.287309404024422693e+05 1.437233612961328254e+04 1.985017523761673074e+05 6.363813295767601812e+04
8.894646409985917853e+04 1.199512350384793535e+05 1.107257501000782358e+05 1.247318561846783268e+05 6.163308601072370220e+04
7.790483241599428584e+04 4.469907467987732525e+04 4.501519934754139103e+04 1.446736042621656816e+04 1.059745587239404558e+05
5.597619426267321978e+04 1.285692486294317059e+05 1.222819430127648411e+04 1.701947396366524335e+05 1.628972766375748615e+05
4.884035149115802051e+04 1.188445468395183561e+05 1.759766917661857442e+05 4.153157412819401361e+04 9.982992533793483744e+04
3.035080229604765191e+04 1.878589417415438802e+05 9.288502912006866245e+04 1.493325212198070949e+05 7.744092820929239679e+04
9.492372081976685877e+03 1.973616637838098177e+04 3.256523622275300295e+04 1.946000799562605680e+05 1.355780814408641309e+05
1.741555412101890252e+05 4.235960138022319006e+04 1.498174703994936681e+04 9.782634888450516155e+04 4.658150849567952537e+04
2.227948629269531739e+04 4.130419880670199746e+03 3.003243566366264713e+04 6.864142489115090575e+04 1.318824660422488814e+05
1.551489785878190596e+05 1.879012066013792646e+05 6.299295542409968039e+04 3.528033093497411028e+04 1.071326638369351131e+05
1.348835856471409497e+05 1.836575997474932519e+05 1.960802900930954202e+05 1.618509563559114467e+05 1.090006354733039043e+05
2.628385630175966799e+04 8.244617300830945896e+04 1.257675525268980127e+05 1.956378061504914949e+05 1.101035868746239139e+05
1.770894640055703640e+05 8.550726439291475981e+04 1.543762998473935004e+05 5.208914615634001530e+04 1.634982720913446101e+05
9.985127761793776881e+04 3.604489051470758568e+04 2.883791801912969458e+04 8.084740528846889902e+03 6.727837207742863393e+04
9.363207528253897908e+04 3.902742601567681413e+04 1.884412969215731719e+05 7.712671124793362105e+04 1.418870138798087428e+05
7.973587107890624611e+04 4.905785342571913498e+04 1.218815594931483211e+05 8.613145962004484318e+04 1.019032937916086521e+05
1.419054447351346025e+05 3.521531740888878994e+04 1.274905807779971510e+05 2.241336079833247277e+04 1.197020830647876282e+05
1.352074156126024172e+04 1.946803395873468544e+05 1.888952041884112114e+05 8.894002835422090720e+04 4.756165072461886302e+04
1.534662230744744302e+05 6.051676447453948640e+04 7.672348239812858810e+04 1.201020965383367875e+05 9.554053003586255363e+04
5.936264934783457284e+04 4.204040789348191174e+04 6.845768636498365959e+04 1.581948755858105724e+05 1.716267608793371182e+05
1.651872275604174065e+05 1.590005978670718032e+05 2.935621134500310291e+04 6.545739813093001430e+04 1.654276916035609902e+05
1.152219413017384213e+05 1.583989352963095298e+05 1.514086628112465405e+04 5.590294157561239990e+04 1.445376548961391090e+05
1.641822626776300895e+05 1.101575527789400212e+03 1.839271628034497553e+05 1.537074074567787466e+05 1.241529965856515773e+05
1.764806897064607474e+05 8.693432907190031256e+04 5.621801828546841716e+04 1.069318349693934724e+05 1.636229551970227476e+04
9.277928062114697241e+04 1.643622294368941511e+05 1.720654682967862755e+05 1.818055327001105179e+05 1.837587061484604783e+05
