6.702775550972022756e+04 2.813346186244845012e+04 1.236428528391799482e+05 1.850919625507915625e+05 5.598451151228187518e+04
7.382909428063020459e+04 4.492570963669102639e+04 1.490986873608815076e+05 1.961564845316613792e+05 1.071145786417759082e+05
1.738438237844399118e+05 7.691332055368804140e+04 1.151695395020650321e+05 5.852346251558262156e+04 7.557802498389249376e+04
1.937142238577037933e+05 1.524295809571853024e+05 9.732088072929960617e+04 1.498599235724828613e+05 7.606915210005920380e+04
7.791159935747651616e+04 1.449459299163309042e+05 8.267051877182351745e+03 1.838581669911562349e+05 1.560361271584859933e+05
8.700660964463747223e+04 1.037858381066236907e+05 1.535456343728932261e+05 1.758128158078396809e+05 4.473977701596914267e+04
6.394796489762188867e+04 9.746357659309578594e+04 5.845369869224163995e+04 1.279427789158731757e+05 8.283761431399648427e+04
5.053613213153917968e+03 1.629811418299171492e+05 1.324752115640183329e+05 5.894596953097444202e+04 6.260925219684878539e+04
1.964067302386935335e+05 1.659722045546576555e+05 1.280328722481103323e+05 5.010534633955539175e+04 5.008607043422736751e+04
6.862836836780255544e+04 1.663858197979522520e+05 1.993163103979573061e+05 1.291771453177603398e+05 1.698349158532876463e+05
1.641928742430279381e+05 4.297007387393301178e+04 4.046430513184784559e+03 1.635471120105319715e+05 7.389685189951999746e+03
1.521307001004216727e+05 2.783233779618030530e+04 1.986353221548620058e+04 2.997020066531133125e+04 1.132501043676551635e+05
9.624631246024502616e+04 1.114962435170926619e+05 1.787114539510768955e+05 1.285398846909641143e+05 2.200532102618042336e+04
1.601924633551451552e+05 3.127871394403536215e+03 1.185983641848551197e+05 9.518400618612632388e+04 1.489737666941953648e+05
1.572315660796537413e+05 1.595960113846895401e+05 9.996778789311369474e+04 5.745855326810354018e+04 5.698691152982915082e+04
1.276824313153886324e+05 4.501653037504178792e+04 1.644159860237724497e+05 1.595304211055190826e+05 1.762706447925833054e+05
5.203592933880625060e+04 6.473263048631849961e+04 7.257873990835406585e+04 1.445948312473030237e+05 1.686787243360501307e+05
8.732154702432145132e+04 1.538397353510200919e+05 1.495993372076079831e+05 1.815915873987254454e+05 8.629840107667531993e+04
9.795371221612967202e+04 4.432866729491502156e+03 1.736393978073382459e+05 2.089584983391088463e+04 1.035658143322179822e+05
1.831448396749581734e+05 1.859606914932245563e+05 1.079399927494140866e+05 1.213233519641844032e+05 6.030778555575307109e+04
1.765688220003937604e+05 8.088550786457842332e+04 4.515763382393913344e+04 4.214285247787095432e+04 1.533222636915332405e+05
1.600761063489715452e+05 8.171414054401211615e+04 1.041046929978801491e+05 1.225262272146268951e+05 8.954438135227115936e+02
1.634795036044012522e+05 1.283898591184380784e+05 4.554441124177848542e+04 7.420640443343522202e+04 9.735466776138161367e+04
1.696532612733588321e+05 1.471476760407797701e+05 1.655411886503937712e+05 3.284903510908403405e+04 1.818296161205862009e+05
1.634681420761412010e+05 1.733047614948287082e+05 1.476719117437974201e+05 8.162065112102394050e+04 7.013377302504710678e+04
9.286589120298576017e+04 1.936114253915853915e+05 1.371661482951986254e+05 5.097415047594060161e+04 5.818223322378614830e+04
3.829804386275201978e+04 1.235801365638835850e+05 9.518418373639005586e+04 3.774410610555085441e+04 1.716963465508127410e+05
1.462125828165872663e+05 7.484342001273694041e+04 3.446260940686594404e+04 4.191514465987480071e+04 7.274120882552218973e+04
1.422670157330340298e+05 1.007332682079508086e+05 1.531527723127497593e+05 1.310213367680755182e+05 1.195426126035634079e+05
1.179260174518907734e+05 1.971131722268248268e+05 1.218432449890815042e+05 3.672909633567982382e+04 1.542190263381470577e+05
2.831139632405967859e+04 1.797075207295649161e+05 8.375557648974230688e+04 1.707968580381200300e+05 6.299181997167051304e+04
1.409667793286089727e+05 1.677290972987579880e+05 4.777938126902909426e+04 1.124193038745319354e+05 4.701224984806162865e+03
3.502070009960915922e+04 4.556772048685226764e+04 1.646238437400933472e+05 1.196743925772909133e+05 7.963044477684717276e+04
9.741998901122921961e+04 1.491507589086626540e+05 3.800574960988669773e+04 1.448592329844346968e+05 7.586720329837981808e+03
1.716926367077860923e+05 1.513044859291058674e+05 9.739672833321439975e+04 1.114149770857447293e+05 1.179567745442820014e+05
8.478741793952860462e+04 2.514669454980924638e+04 7.811248216005573340e+04 5.051026615080673946e+04 5.187180778101290343e+04
1.927757070560607826e+05 3.544278924508539058e+04 1.290430022206723515e+05 1.026774702544470929e+05 1.122222826763535850e+05
1.267383540754531277e+05 2.602194853431814045e+04 1.702801892944890133e+05 1.540631553539497691e+04 2.354497717751760138e+04
6.346996267788667319e+04 8.601017114230841980e+04 6.617488258228841005e+04 8.132765298882337811e+04 6.083793770438594947e+03
1.557110028227127332e+05 1.560308764239014126e+05 9.565671737648085400e+04 7.304497119053598726e+04 1.313795799548864597e+05
1.311372506313976191e+05 2.539016715763702086e+04 9.899124399210006231e+04 1.168052256331709505e+05 5.317219533119454718e+04
1.948936364947866241e+04 5.872687832698262355e+04 2.048221009468174088e+04 9.872695978595022461e+04 8.254278514978021849e+04
1.483341061285160540e+05 1.867556082104688103e+05 3.921495905335847783e+04 1.926878880948115839e+05 1.673981699413913884e+05
1.618350858750338375e+05 1.679149472196240094e+05 1.121395772819575795e+05 1.343036722424015752e+05 9.634362503652808664e+04
1.420252500885806221e+05 6.756009116848489793e+04 4.273615460821807210e+04 8.987517141034984888e+03 1.010782243898768356e+05
3.422732096836251731e+04 1.341219042660436244e+05 7.895803208315641677e+04 1.789301271770445164e+05 2.609271625069120546e+03
1.800889574626343165e+04 1.402846116670579358e+05 1.358937570010453928e+05 1.607235129484057834e+05 7.120606846738325839e+04
1.093665607017290749e+05 9.416725401475565741e+04 1.878245192769292335e+05 5.702710482185282308e+04 9.481959204544851673e+04
1.187540531308445061e+05 1.252151719096383167e+05 1.221150736517633050e+05 5.020055824046896305e+04 8.167965678306132759e+03
9.757611510998861922e+04 1.436313492886038439e+05 6.402426978853486071e+04 7.297557621013445896e+04 1.159564754598911677e+05
1.621790746579784900e+05 1.449497287875983166e+05 1.880496152228357387e+05 8.151833802838478005e+04 6.862175146416500502e+04
3.393632205034433719e+04 3.182963366194644550e+04 1.228224533256809518e+05 2.685993049184132178e+04 2.295248743008853126e+04
1.804126706342023390e+05 1.887793221440657508e+05 1.430336303601258842e+05 9.831528248843870824e+04 1.913049327000407502e+05
2.160259389905969510e+04 9.135819672196618922e+04 1.443573001632698652e+04 6.506205935593831964e+04 1.732504603618065012e+05
9.225099382547601999e+04 1.995146618761169884e+04 1.494819820939134224e+05 1.102989700786065623e+04 4.978522272700882604e+04
1.351104188331182813e+05 1.469166318262023015e+04 1.635280151817003789e+05 1.889812659910658840e+05 9.144166568181844195e+04
2.019997813733562725e+04 1.238224758745058934e+05 1.904710476106396527e+05 1.331668481029451941e+05 1.733912310926850478e+05
1.584911329414666106e+05 1.136555728797918273e+05 3.353219602168511483e+04 6.514817081317594420e+04 2.376748337959957280e+04
1.152314606731632812e+05 1.348958867466811498e+05 2.188685666432448488e+04 7.776734681120853929e+04 3.920646711752530973e+04
9.421823757125739940e+04 1.658523920910413435e+05 8.569737498809308454e+04 1.064595592298326810e+05 1.123671870358370797e+05
6.471535738603027130e+04 6.222385965116965235e+04 3.678280591613469733e+04 1.299097208691870183e+05 4.955659377591707744e+04
1.950010117970049323e+05 1.096784097887215612e+05 1.471135935784839385e+05 1.108468647862966172e+05 8.574991918815438112e+04
3.353119113251856470e+04 1.209785484287814179e+05 4.320777775237252354e+04 1.330472903880522936e+05 3.991285609605583886e+04
7.874774336835248687e+04 3.740592233499324357e+04 1.560800894376720244e+05 1.103313951726545783e+05 4.797627919347113493e+04
3.414226389111121534e+04 1.357225764634672378e+05 5.079386994134233828e+04 1.287113241684399109e+05 1.029009389651300007e+05
1.468172912500290549e+05 1.909067647780768457e+05 7.396254198901797281e+03 3.104506384331373738e+03 2.682410681516948898e+04
9.215769196057181398e+04 1.538537463649010460e+05 3.858050850030237052e+04 1.257600980619943584e+05 1.046881324814045220e+05
1.316821905124680197e+05 1.861569427963328490e+05 1.779129913245189236e+05 1.013543898558426881e+05 1.381047420728623692e+05
3.620239480983251997e+04 1.539772867512973025e+05 1.913872073656986177e+05 1.103478834480121004e+05 4.148110531163071573e+04
1.728924487816937326e+05 1.789224784060422971e+05 1.162288249649801874e+05 7.257092929172230652e+04 1.568735253110885678e+05
1.866304338453264063e+04 9.973564230153386234e+03 1.929136551269121410e+05 1.980497139031485713e+05 9.695066344546880282e+04
7.697482043593715935e+04 5.170489857548237342e+04 1.517934861873179325e+05 1.906227779428340000e+04 1.618949495722093270e+05
5.519015340371675848e+04 8.831817054624299635e+04 7.471806725894758756e+02 8.757041562859792612e+04 1.185264389518881508e+05
1.156573094290489535e+05 6.809552141148282681e+04 1.017168042588182579e+05 1.225183004312952544e+05 9.499769619695040456e+04
4.660454980457336205e+04 1.723649190959071275e+05 1.925129882858482888e+05 1.510505182721530946e+04 1.811298433052518521e+05
6.773401472413020383e+04 5.405059619125101017e+04 1.687917624806637177e+05 1.753594802698330022e+05 5.445098528948297462e+04
5.426521799319199636e+04 1.159309515436243819e+05 5.913542752870366530e+04 1.057194687089238432e+05 1.068358960351070564e+05
2.647719755539639300e+04 1.118239274861475278e+05 1.650472001778277627e+05 3.778794510662604443e+04 7.470121316488829325e+04
3.433592558644080418e+04 7.426126593204656092e+04 1.804141015722600860e+05 1.870444252923174645e+05 1.559549653449006437e+05
1.589302739771830675e+05 6.315601394231582526e+04 7.933726983814594860e+04 1.284268997860419331e+05 1.852391843984774896e+05
1.500407163276269421e+04 9.379285364382587431e+04 1.793827991258371912e+05 3.049703823752947210e+04 1.787571536389813700e+05
1.355729704115540953e+05 2.757825305176651091e+04 9.419826739563384035e+04 5.908317539848078013e+04 1.303861805835614214e+05
2.311778642137441057e+04 1.740744293972135347e+05 1.861171058874908776e+05 1.017462467442851630e+05 1.563305402944116213e+05
7.336057727308309404e+04 1.620002208794169128e+05 1.655603638782711059e+05 9.340029642196404166e+04 1.723407502776740585e+05
1.300063665683423314e+05 1.688293639790990565e+05 1.659449414737120969e+05 5.534003126523878746e+04 4.874361492484466726e+04
1.053491768384874595e+05 1.761449050215467869e+05 9.158722465867421124e+04 1.790040752294786798e+05 4.257458548567855905e+04
1.546344323609680578e+05 6.154140642900851162e+03 1.780975240762311732e+05 1.508301308191441058e+05 1.876551275991691800e+05
1.303315274152322236e+05 4.577046130372823973e+04 5.262691241500845354e+04 4.628944558155880804e+04 1.228909736915454414e+05
1.782571970947336231e+05 6.097469621998703224e+04 2.942288332913187696e+04 1.426252991626549046e+05 4.707642411907488713e+04
1.144851767714974703e+05 5.040074064537287632e+04 4.135034019993031689e+04 1.943682606564133603e+05 7.214367997333864332e+04
1.917266865268628753e+05 1.817590964425205893e+05 1.045527694649027981e+05 1.818800618067238829e+05 4.164185439439276524e+04
5.445355262942049012e+04 1.699894270095446554e+05 1.622639467963676725e+05 6.830000269381668477e+04 1.575172892628593581e+04
1.606137445883593755e+05 3.806838866398693790e+04 1.789347765609223643e+04 1.556690970867303258e+05 3.072277183772434000e+04
1.677202651202418565e+04 1.933028633632718120e+05 1.617778606985174702e+05 4.395556465102352377e+04 5.089647979162026786e+03
1.255234192934341991e+05 1.610553729300471023e+05 5.796489199332941644e+04 5.574449403364933823e+04 8.730151402437873185e+04
3.855601421899703564e+04 5.157380098153245490e+04 5.102658627782235271e+04 1.085912021426391293e+05 1.655815510010951548e+05
1.702027916075043031e+05 1.853278671324008901e+05 1.947970103507090244e+05 8.774213041003714898e+04 7.423484838330946513e+04
1.913250546633345657e+05 5.540640549589815055e+04 1.816386200151344528e+05 1.740762471232861863e+05 3.916013550156653946e+04
1.065416894816997374e+05 1.172150946339994989e+05 1.834164777845882636e+05 1.267405579477110441e+05 1.085216041024759325e+05
1.252601734516204160e+05 1.035742524977563735e+05 9.986743296745039697e+04 6.161547520973540668e+04 1.598846778535496560e+04
1.727334336877466994e+05 4.740353368960081571e+04 3.216020308228280192e+04 4.870093872570597887e+04 1.516556310876556090e+05
5.255282930097211647e+04 7.530229500588943483e+04 6.957314096676091140e+04 1.612495701577389555e+05 4.388621623010666372e+04
1.140828656191056507e+05 1.740004251556083909e+05 4.536005826015885395e+04 3.956172676435163157e+04 3.859523838810079178e+04
2.479956315952838122e+04 2.311257330578164692e+04 1.763452526755560029e+04 3.276353221451091667e+04 1.352695489608163771e+05
8.975336710448501981e+04 1.423386205538185022e+05 1.175966033315890818e+05 1.170067817965526338e+05 4.715250165996314172e+04
7.250771986868728709e+04 1.710260710967192426e+05 1.627425252488577680e+05 1.488288674201805261e+05 5.252875688489240565e+04
1.425555398416088137e+05 8.132339954210854194e+04 1.955319828650455747e+05 5.408596667495703878e+04 7.296274350430985214e+04
1.658873847460090474e+05 1.898870809035395505e+05 2.598926298628541190e+04 3.233196736310539563e+04 1.239293370136895828e+04
2.697485432146779931e+04 4.416610802135401173e+03 8.550176416676853842e+04 1.720294475497707899e+05 1.391032117841056024e+05
1.748160898469898093e+05 1.072830979453485343e+05 7.629728463061491493e+04 1.443109546432614843e+04 2.280445015411644999e+04
9.810448919782834128e+04 1.394305306376872177e+05 2.191465956355358503e+04 1.865270316807136696e+05 8.695746281898468442e+04
1.877104627697108663e+05 1.619372558773991186e+05 3.348588889621471026e+04 1.438054835361150326e+05 1.093907542428088636e+05
4.825602252232254978e+04 1.755187296961196407e+05 4.004568962357799319e+04 1.828788756063337587e+03 4.762643251323550794e+04
2.996415110706087580e+04 1.838393088169114199e+05 1.380147295110064442e+05 8.352060160223244748e+04 1.817688455564547039e+05
7.359954934423683153e+04 1.725929703965829976e+05 1.690819494193149876e+04 4.449941235131827125e+04 1.605092896165864950e+05
1.601958674846271751e+05 6.953487285304573015e+04 2.707889394857199295e+04 1.056585381353035918e+05 1.087998944524046092e+05
1.233878120208837754e+04 1.035587655139014823e+05 1.216361414884691476e+05 1.338096823170339048e+05 1.299681442832897737e+05
3.685166271977473662e+04 1.902685360692448448e+05 1.843236497573098168e+05 1.190868782056569471e+05 7.779248353475864860e+04
1.784253758222073084e+05 1.508353381499652169e+05 3.857910524060233001e+04 7.624725339855429775e+04 1.995338751605706057e+05
1.502720394894361380e+05 2.071566572981506761e+04 1.863363720117594639e+05 1.485344751827000209e+03 1.878456784513770253e+05
8.726356750557040505e+04 1.149094411646595981e+05 1.642201261313010764e+05 5.552103379745765415e+04 5.047997040073532844e+04
4.279224902901142195e+04 7.726075362897444575e+04 5.476275351802042132e+04 1.949523195022173750e+05 1.094474167451356770e+05
1.624136054431078373e+05 1.799599201391971437e+05 4.451609139070595847e+04 8.073331299994963047e+04 7.202096810864562576e+04
4.659953622953518789e+04 9.433606179310020525e+04 1.094621332118779246e+05 1.758667640204952040e+05 1.780900003774739744e+05
7.116662188189974404e+04 2.231025264820152370e+04 9.787074465815522126e+04 1.007330545243023953e+05 1.835270161564586451e+05
9.219465414850557863e+04 1.296703014696653845e+05 1.287077605385493953e+05 1.680577310709383455e+05 9.409413470487552695e+04
2.482272595472838657e+04 8.480582197567187541e+04 1.055650599679740480e+04 1.386762168332391302e+05 1.461049390918516146e+05
3.371781563968094997e+04 1.641685669592057238e+05 1.399331426781490154e+05 9.225491529496916337e+04 8.668568194583785953e+04
8.076725431438291707e+03 2.881802627376761848e+03 1.020902287235730037e+05 2.626757322409643166e+04 4.545010278673267021e+04
1.103477278194314131e+05 7.210877347358557745e+04 1.553195646340346429e+05 7.139281943889152899e+04 1.466682319759961683e+05
6.518849026177253836e+04 1.764897854512266349e+05 1.577036641153871315e+05 1.136600864944603381e+05 8.028249870299841859e+04
5.805608547381213612e+03 6.359511591424287326e+04 9.681314062507120252e+04 3.046852462030247352e+03 7.032968285202652623e+04
1.450800730704574380e+05 1.440303399858366902e+03 8.362302144381379185e+04 1.557604499463555403e+05 9.670779674793937011e+04
1.361396395773797303e+04 8.448621040736732539e+04 1.469112712104234743e+04 8.400918805748691375e+04 2.827101279440620419e+04
7.083968464261831832e+04 7.067833515539931250e+04 1.073843171748037275e+05 4.986947957003833289e+04 1.414964302957450273e+05
1.489594807503933407e+04 1.015752597361471853e+05 1.013850418441358779e+05 5.913291100078276941e+03 1.434642509289202280e+05
1.583038808505292400e+05 1.473704700181985936e+04 1.963028244936472329e+05 9.964950867244506662e+04 1.117850425328444690e+05
1.481178313209770022e+04 1.906492035723958907e+04 1.337489970279061818e+05 9.886348054848579341e+04 3.520145963476340057e+03
9.558118994944011502e+04 1.984317990339911485e+05 1.069894450757431478e+05 1.714813263007706555e+05 1.019700844872929883e+05
1.732090851082216250e+05 1.931080843300591514e+05 1.463556459805733175e+05 1.293029567499442928e+05 8.500413927979601431e+04
1.055574748979575270e+04 1.801017042916551000e+05 1.426409723847732494e+04 1.175186984565356397e+05 2.858900776209896139e+04
4.916354053252369340e+03 4.311175547427510173e+04 3.364489625182398595e+04 1.194787491331181809e+05 1.012101392587864975e+05
3.378103568908552461e+03 1.879951166649875813e+04 1.591078014222012134e+05 7.561016170250689356e+03 4.426095351585490789e+03
1.521904438105708396e+05 5.595370818172547297e+04 9.212173860759203671e+04 1.568026875859576103e+04 1.567171522283677477e+05
3.350312871084157814e+04 5.960670428231063124e+04 1.646267666790390504e+05 1.126171147054204630e+05 1.263247027443393308e+05
1.394938151290223686e+04 4.869315170572033094e+04 1.973515443077947129e+05 5.493344519780584960e+04 1.643591307792389125e+05
6.400466406055242987e+04 1.188944370020504866e+05 1.923185185447914409e+05 5.061318977769126650e+04 1.978222455996776698e+05
4.150956191588009096e+04 2.918543054610034233e+03 1.502918508682826359e+05 1.852411368412456941e+05 5.649981206899545941e+04
1.928849386712210253e+05 3.653748325038603798e+04 1.210384067423051310e+05 6.506627694493838135e+03 1.078511644084493746e+05
8.555303839961681660e+03 5.512034917909107753e+04 1.653644045426575467e+05 6.225627327408578276e+04 9.590016722024301998e+04
1.789939193524019793e+05 3.251407046774537230e+04 1.720020402825994242e+05 6.691014606374829600e+04 8.746691806640842697e+04
1.586297935806548776e+04 1.980334309496529750e+05 5.368019290077488404e+04 1.512329893978751206e+05 8.992057900046645955e+04
1.807882644920999010e+05 1.841361829230446601e+05 1.065468656816778093e+05 1.216810195797242341e+05 3.132396975921689591e+04
6.394306476624649076e+04 1.677338516891871695e+05 1.211524966067148780e+05 1.546947905108776467e+05 2.899216933189063639e+04
1.975491232308255276e+05 1.772425490622173529e+05 7.833421320243561240e+03 1.180298376029321080e+05 1.996142927261108125e+05
3.620988393941632967e+04 1.572940348573993833e+05 1.087772263845280686e+05 1.759871136258907791e+05 5.182534186608147866e+04
2.763784398678939033e+04 8.662194944073393708e+04 1.441219516420146101e+05 1.364974823057084577e+05 1.972090249626977893e+05
1.916201988411534403e+05 1.804237650492479443e+05 1.130957469823413558e+05 5.077575184684284613e+04 7.134289948393290615e+03
1.737979376468801056e+05 1.333592776392391534e+04 1.072380410751576419e+05 1.075018594588794949e+05 1.667286138845646637e+05
1.555796933313468471e+05 1.971734109948051919e+05 9.259195807089282607e+04 4.380533930082654842e+04 2.026122540320498592e+04
1.150321636938600477e+03 3.133550404444900414e+04 1.610755721722556627e+05 9.062582561149295361e+04 1.628811656758241006e+05
8.541865484342494165e+04 8.014400518104247567e+03 5.046491419344087626e+04 8.855023402596874803e+04 2.946449453161472775e+04
1.209994442455682729e+05 1.396275791303906008e+05 8.245718711347966746e+04 3.601523364533580752e+04 1.041375486978993140e+05
2.357968739976701181e+04 2.050568148115299482e+04 1.643740358820481051e+05 9.730867918085741985e+04 1.476438296854751825e+05
1.805058776171912905e+05 1.424761402825521654e+05 1.676259853123001230e+05 8.231828495341699454e+04 1.461739254232926760e+05
1.788691144182246935e+05 1.856480302961226553e+05 7.037605605299504532e+04 1.583031151014458155e+05 9.669227802585541212e+04
1.492374601929536439e+05 1.296320791639359377e+05 1.459388294035391591e+05 5.900213882030653622e+04 4.500882017655381060e+04
2.182969944313142332e+04 1.918604613675956498e+05 4.149645383538098395e+04 5.378947586394468817e+04 9.657686820110949338e+04
7.828322320681146812e+04 7.953622432236841996e+04 1.298107966602069355e+05 8.067091810454049846e+04 1.250406462373143440e+05
9.268820075159087719e+04 9.952587936907708354e+04 1.563288643820832076e+05 3.632115590634519322e+04 1.268057286242741102e+05
1.773683378415715124e+05 4.498831867050889741e+03 6.406331149400898721e+04 1.033051068995972892e+05 8.465354020893349661e+04
3.897293518548092834e+04 4.271607990777643863e+04 8.979668348906870233e+04 1.941857390622356324e+05 1.908642662320423697e+05
9.019482852402098069e+04 7.326643524937515031e+04 9.508865068233058264e+04 1.886957991146003478e+05 9.911052203025193012e+04
1.579362539232257113e+05 1.767620351637264539e+05 1.196219599251459731e+05 1.724222213876383321e+05 7.887423794737235585e+04
1.007713186149806279e+05 1.634330871931982983e+05 5.410805391870263702e+04 1.692797888381819648e+05 1.874461546413061733e+05
1.967447545504195150e+05 1.030024200264244573e+05 6.946886138258711981e+03 2.731934613859083765e+04 1.113752504550681042e+05
1.010610734632812964e+05 1.329500759795069462e+05 1.189148315566075762e+05 9.534519987659469189e+04 1.225481886871059251e+05
4.787877918913114991e+04 1.522671526339188858e+05 1.350608335280557803e+05 9.779988106019803672e+04 3.710592671571471146e+04
6.483284736886798783e+04 1.584136713567027764e+05 4.733572711086962227e+04 9.999266800531934132e+04 1.910390084418713523e+05
3.698170014857524802e+04 8.619857959723311069e+04 1.281514563930028962e+05 4.941955950221790408e+04 1.729452010159773636e+05
5.875721715080211288e+04 6.818674283888199716e+04 1.056865267619823426e+05 1.818151691658692434e+05 1.123629186149898596e+05
9.784179080984598841e+04 1.540594205515655267e+04 8.344516448837194184e+04 6.135411638601393497e+04 2.413509544306162570e+04
6.181193991686240042e+04 9.391067906520112592e+04 9.127669939946234808e+04 1.719078925731745258e+05 7.101992223682871554e+04
1.864350205701984814e+05 8.158355432576649764e+04 1.565825774503544671e+05 7.003351282410035492e+04 3.554824613761775709e+03
8.798805587874156481e+04 1.354438514730524912e+05 1.909217251677818713e+05 4.891937054603201432e+03 1.900503184361372842e+05
6.384015583771032107e+04 5.817127425835464237e+04 1.957291959565310435e+03 1.249436424947803607e+05 5.835605043492044933e+04
1.853693993925000250e+05 2.277320505932172091e+04 1.423415517298122868e+05 1.771037769759282819e+05 1.960454665326319518e+05
6.379374435608147178e+04 1.724013409864343412e+05 1.561537658613953099e+05 1.589274929053607048e+05 2.361451120289006576e+04
3.401039781068659795e+04 6.360263986928398663e+04 7.277460305004641123e+04 1.133259454736915068e+05 1.795714845458555501e+05
1.101980759391607571e+05 8.167185576021805173e+04 1.748047968849354656e+05 1.273888064660322125e+05 1.582524789114800224e+05
1.282373732733145880e+05 5.456833334208020096e+04 1.781361782116877148e+05 5.832832236435297091e+04 4.007385388232558034e+04
1.043248410345276206e+05 1.696499403152492887e+05 9.404100114203915291e+04 4.970486695760118891e+04 5.644587279762101389e+04
5.734468122765723820e+03 4.869217991885847732e+04 1.370198461716717575e+05 4.499112446599300165e+04 1.589062328589636891e+05
1.797384752159474883e+05 1.483287524360763491e+05 3.234287751824729276e+04 2.704165030541512169e+04 3.060589884475462168e+04
7.659983808403034345e+04 1.306584713812971167e+05 6.574679183715434920e+04 1.843460638668910542e+05 1.819916312587312132e+05
1.733687813994097814e+05 1.657404450766399386e+05 1.349175163882513007e+05 1.335993781226808205e+05 5.132963870999526989e+04
7.021179191040281148e+04 7.242711263239434629e+04 4.565923005026188912e+04 8.967979579295392614e+04 1.815178818194160704e+05
6.241932641304149001e+04 9.560282958377292380e+04 9.391387668494113313e+04 1.862192410331371648e+05 6.153601584022139286e+04
1.053430270862070465e+05 1.446769401528853450e+04 1.314073787669353769e+05 1.183777112047849077e+05 1.175116614409294998e+05
8.003835457311583741e+04 1.338352586689426680e+05 1.042528169155191717e+05 1.833244770113885752e+05 1.695401784822912887e+05
7.908944332689743896e+04 8.511390039462567074e+04 9.976686996178221307e+04 5.701937078334118269e+04 1.966817438567170029e+03
5.479680254727925785e+04 1.599998576401543978e+05 3.857718750147982792e+04 1.713521066495651612e+05 1.171573101418943406e+04
4.521468142168094346e+04 1.655621677939019864e+05 8.789410568705406331e+04 7.844381948231733986e+04 1.661280522821806080e+05
7.832091307605848124e+04 1.882928850486323063e+05 6.994403897902423523e+03 2.876727270183052678e+04 9.324526873458139016e+04
3.003085192809267392e+04 1.260546474117341131e+05 1.497180458883176616e+05 6.232715271364770160e+04 7.035545176377888129e+04
1.712054879183200537e+05 4.510454934198326555e+03 1.302232485288489843e+05 5.298213030846763286e+04 8.749764123192956322e+04
9.438161987215763656e+04 9.786549530687057995e+04 8.175367590132591431e+04 1.243179046347289113e+04 9.483329167480958859e+04
1.992146967353190703e+05 9.040113602382890531e+04 1.406869376591263281e+05 1.108430305459672527e+05 2.740350756796099449e+04
1.530681733656280267e+05 2.684920676013065167e+04 1.949648092150590091e+05 1.947584851057623164e+05 1.956613011030009948e+05
1.436282640381956298e+05 1.506258808954243141e+05 1.274603703940475680e+04 9.290550849643164838e+03 1.554630659574055171e+05
1.175503486568872759e+05 1.349899432695136347e+05 1.964718547810416203e+05 1.207126447400700126e+05 4.498513018966070376e+04
1.457722028350194450e+05 1.815782918373949651e+05 9.579739703775271482e+04 1.554218120956553030e+05 2.735450578515186135e+04
1.522286493673875812e+05 1.314568139913294290e+05 1.139943828421225480e+05 1.095240033259063930e+05 5.141778740059517440e+04
6.514506611526165216e+04 3.655257853384053305e+04 5.082405206221612025e+04 9.578035208459076239e+04 1.342344214328076923e+05
8.808019465984310955e+04 1.730955582318416273e+05 1.396603294444319909e+05 7.362028234957467066e+04 1.822507192883701646e+05
1.178220016193315678e+05 9.137208198236601311e+04 1.421867833361859666e+05 1.688342920120064227e+05 1.511792592151937715e+05
3.922228743442688574e+04 1.106356895554092625e+05 3.105483184175967835e+04 9.489980301166186109e+04 1.621359912311681728e+04
1.004844815223453188e+05 1.989892931141840236e+05 1.757320774672198750e+05 1.275284786103751867e+04 2.908090943157850415e+04
5.876060293539395934e+04 1.233548077440213237e+05 1.293829359467569448e+05 1.314776397426008189e+05 1.251977138188989047e+05
1.859127098890069465e+05 1.823145251370765618e+04 7.000029096888948698e+04 1.234955805703015503e+05 1.366729398830335704e+05
1.468897032171275932e+05 1.754610581011605100e+05 1.302206020919349539e+05 1.519173720676478988e+05 7.391005778867125628e+04
3.829880321769401053e+04 1.594936619868683192e+04 1.140462723566023633e+05 1.813156624889890663e+05 8.061467073166817136e+04
8.523101549506183073e+04 1.329088485437559430e+05 6.562732845459019882e+04 1.686640463657783985e+05 2.119598246282383570e+03
6.514805684930489224e+04 1.712209103685444279e+05 2.198982926861989836e+04 1.504340726173786097e+05 1.741707781034205400e+05
1.946474421238515351e+05 8.591949674908527231e+04 1.327912860422370140e+05 1.800840705539207847e+05 1.224105567335131491e+05
2.477114942440403684e+04 1.864095355774993004e+04 1.461587556104855030e+05 1.963802353371118952e+05 5.937925114663249406e+04
6.178188428417104296e+04 1.928096109709016455e+05 1.376587210226781317e+05 8.360020869885972934e+04 1.367300934486000624e+05
3.522024516367095202e+04 1.464778334682909772e+05 4.198524273764789541e+04 6.713247951532750449e+04 1.136270182697932905e+05
1.474656967659348738e+05 1.526748697101271537e+05 3.810855965603978984e+04 1.543235113106606004e+05 1.450004710414921283e+05
9.325002187584097555e+03 1.771791071153221710e+05 4.519384955638308020e+04 1.653768726638238295e+05 1.917071013111140055e+05
2.402087876697518368e+04 1.695888170728978730e+04 6.984796779865858844e+04 1.657847589810015052e+05 1.116489979638597470e+04
1.180082637666829833e+05 1.235992751404773880e+05 3.758998830530468695e+04 7.809979319732633303e+04 6.660708437828459137e+04
6.499409806564937753e+03 5.958853919968209811e+04 1.898611339163597440e+05 5.326265136709562648e+04 5.194302197733469256e+03
1.647752029567593418e+05 8.543465887742974155e+04 1.786595021417562093e+05 1.607074056055227993e+05 1.826410885512384993e+05
4.739175961694739090e+04 1.152926015121260862e+05 1.861460943751556333e+05 1.262466047608359258e+04 6.052963003926890087e+04
1.827131933219555649e+05 1.098980293620974262e+05 1.059358903965621867e+05 5.991240176706580678e+04 1.379260255970924045e+05
1.254290943411101325e+05 1.739518071868849511e+05 8.830748753671921440e+04 1.030717872559244133e+05 1.034098315579649206e+05
6.223333487645883724e+04 1.673782366598825902e+05 1.337614020240904065e+05 1.546820725644353370e+05 7.167215202383018914e+04
1.771245960830957338e+05 2.054686373121117413e+03 8.739260754102960345e+04 8.553590899623928999e+04 1.089238468077824800e+05
9.456899546398027451e+04 1.851751564040195663e+05 1.842479887480881007e+05 1.263423262047281460e+05 2.816456969666863006e+04
1.265573127325983078e+05 1.986832548476656666e+05 9.710138840101014648e+04 1.373980648517679365e+05 2.184139239496882874e+04
1.317647189722004405e+05 6.960328242413424596e+04 1.436117260258111346e+05 1.023129259023427585e+05 2.278778489969412840e+04
4.740686928387969238e+04 1.723080547040434249e+04 1.089484228753061507e+04 1.675989517309732764e+04 3.803052838463836088e+04
1.269187642252809019e+05 7.127378164063145232e+04 2.597726809594369479e+04 1.182791376452958502e+05 8.298539067549403990e+04
1.314879200244083477e+05 1.023660154563416581e+05 1.768380402728442277e+04 4.831075228230958601e+04 1.682172445937112789e+05
1.063595573798016703e+05 6.303890760472283728e+04 6.106293216089293855e+04 7.158830180863318674e+04 9.887070970271767874e+04
1.748842449917386111e+05 2.070930900658196697e+04 8.887548328013176797e+04 1.053319024594306247e+05 1.458412733034408011e+05
1.866508318363504077e+05 4.543909013262848021e+03 3.039203468819604677e+04 1.088199423128847266e+05 6.735284857365975040e+04
9.134263933706553871e+03 1.287721654054774262e+05 1.708288425894176180e+05 3.659083817663255468e+04 1.720670770986054849e+05
1.646717016095556319e+05 7.740640891851510969e+04 6.310349535169994488e+04 1.038568267178077804e+05 1.327990606380699901e+05
9.908955628708928998e+04 1.625540487224815879e+05 1.044942972136188182e+05 2.757277796316148670e+04 2.033501181439687571e+04
6.986916486718121450e+04 9.362780973755820014e+04 1.201147802448637231e+05 1.994629373520970985e+05 1.476600807371828996e+05
2.146290585467662822e+04 1.108750564274962926e+04 1.266149840902711876e+05 8.627705835361167556e+04 1.785861031342269271e+05
1.333378631859075685e+05 1.476403321729158279e+03 8.246703960569390620e+04 1.199530557438434917e+05 5.298623572764442360e+04
1.774335754437273426e+05 1.787221864369792456e+05 3.945381647274232819e+04 8.752925923968123971e+04 1.328620105411108525e+05
1.549460726366408344e+05 5.164364162305534410e+04 4.635598803242524446e+04 1.714310817060285190e+05 1.461849143125711998e+05
7.690626333823069217e+03 1.513748864036324958e+05 7.427788137191084388e+04 1.421881582805110666e+05 1.253080227298974496e+05
1.656299655664702004e+05 1.100124034653948765e+05 1.161143170325190003e+05 5.133053208411768719e+04 3.293486484145517898e+04
1.021506657557001745e+05 9.298658276402826596e+04 2.412292965512536830e+04 2.509581218480156895e+04 1.999549886623421626e+05
1.140649985447471408e+05 1.833523155876650708e+04 1.144892370545894810e+05 1.502517288719330390e+05 1.218291120497904340e+05
1.379972174107946921e+05 7.354102539194824931e+04 8.803819543626951054e+04 2.453261244496700601e+04 6.502419490745567600e+04
1.930312296893245657e+05 2.483301512370485943e+04 1.168586847367598675e+05 9.063972053995353053e+04 4.982841205369559248e+03
1.304649502438479249e+05 1.695233855414035497e+04 8.363705084853066364e+04 9.285022850259771803e+04 1.564885811745421379e+05
1.693449331130498322e+05 5.889856658903251810e+04 1.129557335573772070e+04 1.948622873807471478e+05 1.654627272262103725e+04
1.001342154804336460e+05 1.994488300642478498e+04 2.071619707941971865e+04 4.612410916507774527e+04 4.640127628582679608e+04
1.409395829081985867e+05 1.229104696516151162e+05 1.335917393153466692e+05 1.689900326556390210e+05 1.949549806517299730e+05
6.533618675421553053e+04 1.141818755705651420e+05 6.760526584526480292e+04 1.979302115953902830e+05 1.464062616955419944e+05
7.359735621465081931e+04 1.992066289258761099e+05 1.410393349506641971e+05 6.931236217408774246e+04 8.424352791160813649e+04
4.906678665793345135e+04 8.320625932049922994e+04 1.382027765380836499e+05 1.512867536047938338e+05 1.830153595491431770e+05
2.846190098115841829e+04 1.251163030469200312e+05 3.011676229955537565e+04 6.190322894614348479e+04 1.972951250247340649e+05
1.139637560370553256e+05 9.915437651259702398e+04 7.398701004958692647e+04 1.734777927358605375e+05 5.177116792507252831e+04
1.473932418482636858e+05 3.903130841501125542e+04 9.081645563795429189e+04 7.877156017204145610e+04 1.961413863838321995e+05
1.966141701590471494e+05 2.095300033514293682e+04 2.194676828069928160e+04 1.476802906930543249e+05 5.826370814613566472e+04
7.333394306721996691e+04 1.069429993380790547e+05 1.847990733618820959e+05 1.795352616705754190e+05 1.194990324718216143e+05
2.247212433251766299e+02 8.493157451674038020e+04 1.540284819826314633e+05 7.739487781074276427e+04 1.942488970344058471e+05
1.599260755446337280e+05 1.769634067756634613e+05 1.146158463835611474e+04 1.850694428570440214e+05 3.569564814004635264e+04
1.763234019828436722e+05 1.254783305299731001e+05 1.400196428398049611e+05 1.205784063959527339e+04 1.825857211292219290e+05
4.932478737337302300e+04 7.410313590999851294e+04 6.184673651831234019e+04 9.456808196540261270e+04 1.228233281523571204e+05
1.179699068354534684e+05 5.631285978092450387e+04 1.637182498441891539e+03 4.205933518539059878e+04 9.283746895121269336e+04
5.596798047642561869e+04 1.895065624615006964e+05 1.848216943967487605e+05 2.582595158637408531e+04 1.109689907055908261e+05
1.494627586794603485e+04 9.011545457970628922e+04 8.501529266928453580e+04 1.532345472536339366e+05 1.991068762081326277e+05
1.467987151068517705e+05 2.674710941985585305e+04 2.013153840458499326e+04 1.873957998621368897e+05 1.294274087413309644e+04
1.900438365758317523e+05 1.983446705268977676e+05 1.213114668724894873e+05 1.868340073741963133e+05 1.130946394437858398e+05
1.101922029787104693e+05 9.308557648339170555e+04 1.774218126970432058e+05 1.061901681701956404e+05 1.367670750579382002e+05
1.826575239807637699e+05 1.942944765889933042e+05 1.639424812278799654e+05 5.842353155336486088e+04 9.067710115730660618e+04
1.138313574508533056e+05 1.027835577868789987e+05 1.864377225261890562e+05 1.110716969886797742e+05 1.037883012104243790e+04
1.137767618640348956e+05 3.166396378370757157e+04 4.616828767561469431e+04 9.918325795608076442e+04 7.076298200345529767e+04
5.218727494058806042e+04 8.067237074816268887e+02 1.230698009634466434e+05 2.485736153962683238e+04 1.156400069458789221e+05
1.021446703047952615e+05 1.405828475429953251e+05 1.934001161783805583e+05 4.952079346630103100e+04 1.451629258947688795e+05
1.822220190513184934e+05 9.631879020692015183e+04 3.325273855948160781e+04 3.273803287321201788e+04 1.333362353941840993e+05
1.496770257400349947e+05 9.155541936574016290e+04 5.579453478979720967e+04 2.428015860652541596e+04 1.857002462230883539e+05
1.967481398547943681e+05 7.888748650554846972e+04 6.845530303075053962e+04 8.914429324907084811e+04 9.542721712404722348e+04
1.000092747975045932e+05 1.883338456250583113e+05 4.401487613282231177e+04 1.174313426911227143e+05 4.000479266005956015e+04
3.452893563470549270e+04 8.307325979519753309e+04 7.879361748695088318e+04 1.433879287699853303e+05 7.313432551585703914e+04
1.397463129303177411e+05 7.082578837053345342e+04 1.985761127170480613e+05 1.961704571760321851e+05 1.929967727590912837e+05
4.402366854796400003e+04 1.236900916560519981e+05 9.502230265357121243e+04 1.443337006119797006e+05 1.009467799231539975e+05
1.465881842912672437e+05 3.746825582992973978e+03 1.434677143573449866e+05 2.571533389155038458e+04 1.430774460026150628e+05
1.519184173770078050e+05 5.944754768870814587e+04 1.266128295335775911e+05 8.384788756347108574e+04 4.536546436811031163e+04
1.386329927694982907e+05 1.662088384372666478e+05 9.888576434272910410e+04 1.784298618371482689e+03 2.032296788501684205e+04
1.551456633086449001e+05 1.564814135258287715e+05 1.070195883783620084e+05 1.074613208679538075e+05 1.255337113980545400e+05
9.655306150711316150e+04 5.750643986859094184e+03 4.485026882726521580e+04 1.576464086125781178e+05 8.633951338506169850e+04
1.123499402756422205e+05 4.029572885956160462e+04 7.542037729977279378e+04 1.825568372520403937e+05 1.981953754830891558e+05
7.002918659250096243e+04 1.970732412191332260e+05 8.430264077655236179e+03 2.036178885753168288e+04 2.607457694344732590e+04
9.212665348239717423e+04 9.143137721532894648e+04 1.905075505987864453e+05 1.103552644703116966e+05 1.129066724409939525e+04
1.061962213141850516e+05 9.613504305797326379e+04 1.771787784197695146e+05 6.048102641076049622e+04 1.238961641800316429e+05
1.123425054033510387e+05 1.085439187206222123e+05 2.213298488544805878e+04 1.200802563689586968e+05 6.610193778793624369e+04
6.421885517705439270e+03 1.447598132156223292e+05 1.902879019574181875e+05 1.434395786400552897e+05 1.089695680052376701e+05
1.762638004354101431e+05 9.635059563377431186e+04 1.019475251235828473e+05 9.259870196731989563e+04 3.810016815689312352e+04
8.666248588798670971e+04 4.282505846992801526e+04 9.050973011795069033e+04 2.038840761112379187e+04 1.699460215445143986e+05
6.752584649952781911e+04 1.967435218815636763e+05 1.087228628885585931e+04 1.792822565075666353e+05 1.997080135494050337e+05
5.437688794588531164e+04 1.655963341768849350e+05 3.105740732356931767e+04 1.417547233004795853e+05 1.879153072869918542e+05
1.691924694710746990e+05 1.723542162532054936e+05 1.976737773614879407e+05 6.447928115422705014e+04 1.155663921149386006e+05
1.945292156377815991e+05 1.181212839325551613e+05 1.388063241572634615e+04 7.951601080590853599e+03 1.800217274393476328e+04
1.082004524250481045e+05 1.635885345300554472e+05 1.994724506885482115e+05 1.533190042205935461e+05 9.395065049247368006e+04
1.941296673296622466e+05 1.061724975145825301e+05 1.346496808130051941e+05 9.874299602148013946e+04 1.180295231081192105e+04
3.666333681967086886e+04 3.925635629602341942e+04 5.815695495183048479e+04 1.049743796503857448e+05 1.061943614969760529e+05
7.660012316053177346e+04 1.028170665142267535e+05 8.568846979843414738e+04 1.698690413950331276e+05 8.189542689697095193e+04
7.495734325855729367e+03 7.678708630755729973e+04 1.738490400351434655e+05 3.185906662082071853e+04 1.258680159568978997e+05
1.632298636698971677e+05 8.043402683705203526e+04 3.893946042524101358e+04 1.522517461522782396e+05 6.891662576391377115e+03
1.976150233114357688e+05 1.066934462239377353e+04 1.037268929760346509e+04 5.596305179986096482e+04 1.091512815978688013e+05
1.310792137796556926e+05 1.364892405375889211e+05 7.350243915851297788e+04 1.951963984932556632e+05 1.055389250991213048e+05
1.185798008684956731e+05 8.479225902700166625e+04 9.781110858543480572e+04 1.833138966030990123e+05 5.283386962059810685e+03
1.863969411041480489e+05 5.435335868838151509e+04 3.024968976952289086e+04 6.313247412663239083e+04 6.954136027701038984e+04
1.884580910543591744e+04 1.386998024053666741e+05 1.340620362552825827e+05 1.910808072584236506e+05 5.166976511593732721e+04
2.918548316215285740e+04 9.489980776582633553e+04 7.575836923616519016e+03 3.985252612669327937e+04 1.922472761854229320e+05
6.976806940079125343e+04 8.509263746372077730e+04 1.803928600097487215e+05 4.416884010682420194e+04 1.919093200092157640e+05
1.796830502095078700e+05 8.582767660036531743e+04 1.398356703068076458e+05 1.275824865640436474e+05 1.933152605440619809e+05
7.886391206809824507e+04 4.734300939362277131e+04 4.715679569285600155e+04 1.732309094296794210e+05 1.594450717832459486e+05
4.313602957925708324e+04 1.171854487584202143e+05 1.936637301380724239e+05 1.050364745608102821e+05 6.673152829134832427e+04
1.649134071681863570e+05 1.868179484756772581e+05 3.094441518580399861e+04 4.794587881384621869e+04 9.273737400560539390e+04
1.552801133108937356e+05 1.720449410093127881e+03 1.325710173076404899e+05 1.112920796284650278e+05 6.186807833151124214e+04
8.881788519712758716e+04 1.042593416698946530e+05 6.877215209019149188e+04 7.669072202510350326e+04 1.464171382115638407e+05
1.692685682117785327e+05 1.995832784683865611e+05 9.418574010271593579e+04 1.139908902338473490e+04 1.125280529798095522e+05
8.215346387332737504e+04 1.749295465969917132e+05 2.301319771824312920e+04 5.508902480742334592e+04 1.428730838131300152e+04
1.625592014331615646e+05 1.433393817633035651e+05 1.132258126221733983e+05 7.455837820059862861e+04 1.649063153394416149e+05
7.265379085025696259e+04 1.689882911470412218e+05 5.734537888655049028e+04 1.279743659366757929e+05 3.881900498437003262e+04
1.836281324194282934e+05 7.707529888738080626e+04 1.110628483246303076e+05 1.137380373467591417e+05 3.492441530429673003e+04
9.826701144899069914e+04 1.129825484310324537e+05 4.349601078825149307e+04 1.362665094167406205e+05 1.176604666681801973e+04
1.276564132153516985e+05 1.184653291068049439e+05 1.158788606702049001e+05 4.491167894716463707e+03 3.609954495525214043e+03
3.073373907101082295e+04 1.934921172866752022e+05 1.079548465784358559e+05 1.046756577314726928e+04 1.213693926398688345e+05
1.911090344878079486e+05 1.203682432735720067e+05 1.931092067061483685e+05 1.509529825149640965e+05 5.496059298004452285e+04
9.205377902803728648e+04 7.599233327185410599e+04 1.933257497711711621e+05 5.710371711255304399e+04 1.385579568883904431e+05
1.003460014885605196e+05 1.672924945300301770e+05 1.071987997910786507e+05 1.857096876682410075e+05 1.827342768277055002e+05
1.578602549564772926e+05 1.840998482028127182e+05 8.783895617666961334e+04 1.917004778237938590e+05 1.997222708234147649e+04
1.606235553226587654e+05 1.806434920320782985e+05 1.619028848839862912e+05 8.198868462253172765e+04 5.181670805197850859e+04
7.398125993211328750e+04 1.961752148597082705e+05 3.028027868797904375e+04 5.394497892708103609e+04 1.779979952625450096e+05
3.402958973434672953e+04 9.800576391058812442e+04 1.171962743066829134e+05 1.796996100577171892e+05 6.144503621026777546e+04
8.529490043297939701e+04 5.011136883429554291e+04 2.613250591534597334e+04 1.350954130490793614e+05 1.642331192528627580e+05
3.375109001052822714e+04 1.935600026552955387e+05 1.523442276837480313e+05 1.976069932027821778e+05 1.751291602087438514e+05
6.912099932178053132e+04 8.052769274076644797e+04 5.615482658974413062e+04 1.999050797261370171e+05 1.642852211281177006e+05
5.178901793025099323e+04 1.323506323014408990e+05 1.762592332699267718e+05 8.585727606195364206e+04 3.743944189211070625e+04
6.018705328910778189e+04 1.218489823031807900e+05 1.345033930685036466e+05 1.565526763921163365e+04 7.815176139363464608e+04
4.723607051859983767e+04 1.839412383973821998e+05 1.503807542892159254e+05 1.805311284863112087e+05 1.197335994278551516e+05
1.255532102573847515e+05 6.387657511066227016e+04 1.096421031612347870e+05 1.674529103564403486e+05 1.640831583275611629e+05
1.192748012748785550e+05 4.699757595931908145e+04 9.303556785688584205e+04 1.229261233379243495e+05 1.885575989716163895e+05
6.268273559605830087e+04 1.746118403900183621e+05 1.237639535499341291e+05 5.940891783930839301e+04 1.930939019547949138e+05
1.857184248859687068e+05 1.151168438029218232e+05 8.749754528876412951e+04 1.784291114197428105e+05 1.662616208293663512e+05
3.566199689464420226e+04 1.228256702778641920e+05 1.646905485357073776e+05 2.566737644009318319e+04 1.976221254789718296e+04
8.090458207913606020e+04 1.640751900772704103e+05 1.879459641616986773e+05 5.707271434089620016e+04 1.211513715515853983e+05
9.134799891588438186e+04 2.761251831746010066e+04 1.748603719383275602e+05 1.242303666881865211e+05 2.343721997111611927e+04
1.558271986168557196e+05 5.717863556207183137e+04 1.249803224809253588e+05 1.663323157808948599e+05 1.621911031959452666e+05
5.219669481444542180e+04 7.754003650756044954e+04 3.179960939344224244e+04 1.505484086011780018e+05 1.644462428485692362e+05
3.398035418049483269e+04 1.256874271803787706e+05 6.465091444629165198e+04 7.180268439305243373e+04 1.747429960265181144e+05
1.329844464935127762e+05 1.540280532651356480e+05 1.712621162241857091e+05 2.978062185060581669e+03 1.193208202185430418e+05
9.397731386926099731e+03 9.417713083065696992e+04 1.012283871339199541e+05 5.632474966412277718e+04 7.056887956497639243e+04
1.146089274221599626e+05 1.199357791786849266e+05 1.566415548448438858e+04 1.059087548566830228e+05 8.202739547380161821e+04
4.205236006205723970e+04 3.492837820187500029e+02 1.881721247002554446e+04 1.692239844001637539e+05 1.856196058715993713e+05
7.909282390889189264e+04 1.579003100821014668e+05 1.456525613045444479e+05 1.974254413577143278e+05 1.265664259188228425e+04
5.447221329833920026e+04 1.143479642293111974e+05 3.196571227898834695e+04 1.199396863828511123e+05 1.241154439847004978e+05
1.457426840637260175e+05 1.008647504728655331e+05 6.803416616958528175e+04 1.388047623198067886e+05 1.436633956426214354e+04
9.451038227134507906e+04 7.761072624620213173e+04 7.932705359901381598e+04 9.592967832685717440e+04 1.374663964707802515e+05
8.552802744128417544e+03 3.552746094737526437e+04 1.235910056472421420e+05 8.403312486305172206e+04 7.365211716710704786e+04
1.812813801172445528e+05 1.625536858805164520e+05 1.839959652247178310e+05 4.472236536819140747e+04 1.703510687400655006e+05
1.874995276777469844e+05 5.221135248594841687e+04 1.086419658300359151e+05 3.120910179094045088e+04 3.360640535506391461e+04
1.398014429732463032e+05 5.737516106983557984e+04 1.286191529512962879e+05 7.805582105495910218e+04 5.476211150114762859e+04
3.939988560474105907e+04 7.550476741967863927e+04 1.400451116987785208e+05 4.236969495171130256e+04 2.386877436187189232e+04
4.523756852158599941e+03 7.927318001045513665e+04 1.544880045220725297e+05 1.513421050544413738e+05 1.376653946878441784e+05
1.065754050204966770e+05 8.877354517959398800e+04 6.912091151432672632e+04 1.459280826498426613e+05 1.923486261617894052e+05
1.693789620154288423e+05 1.306533467886716835e+03 1.229973041218785656e+05 1.943921943646282598e+05 1.710127828491162509e+05
6.734576096551730006e+04 9.661963209540047046e+02 3.168668854527334588e+03 1.086851938963577777e+04 1.316137133107612899e+05
9.772319747044180986e+04 5.106148527925862436e+04 1.693418995690819283e+05 7.160537657018519531e+04 4.257368918267499248e+04
1.362927028550250106e+05 1.658380536411805952e+05 1.348387142049380927e+05 7.478755289610329783e+04 3.072670850396699461e+04
2.218715496576886289e+04 1.583001464277023624e+05 1.924930546954005549e+05 1.559353204429732286e+05 7.368827748795104071e+02
4.444827606541122077e+04 1.592353893577090057e+05 1.739293745456293400e+05 1.320000176664457831e+05 9.148825799297059712e+04
1.979772779323670838e+05 3.187757302553964109e+04 8.774942771607550094e+04 1.055428925869933009e+05 6.103663769555777981e+04
1.422935256581405702e+05 3.315844957236127084e+04 8.112155034813239763e+04 8.981285897159503656e+04 1.370218094880935132e+04
1.885433101985047106e+05 6.399662369531222794e+03 2.093374162996694940e+04 1.157912370721708867e+05 3.806132579946397163e+04
1.542788966661594750e+05 9.853718791923804019e+03 1.728749090049013903e+05 1.210915692601791670e+05 6.060456437651173474e+04
8.237599054703139700e+04 8.729085461938957451e+04 1.922738101935370651e+05 1.724734721944738340e+04 7.220394819217967779e+03
1.559896380900684162e+05 9.746884272417804459e+04 1.299715462011444179e+05 7.017961247844388708e+04 1.191332404511524073e+05
1.496252127986443229e+05 1.051737464858781896e+05 8.320413528060737008e+04 2.177080816098617652e+04 1.930926827020828787e+05
1.793415873365931620e+05 1.415241050028326863e+05 1.412353479118716496e+05 3.190792174552581491e+04 1.014546211628348101e+05
1.400385968854402308e+05 1.659473487500744523e+04 2.921526084271739455e+04 1.612779626446267648e+05 1.114225198242828774e+05
1.534862860401229409e+04 5.853780193215507461e+04 1.251492295006124623e+05 1.096074745389128220e+05 6.174705070788115700e+04
1.801083301745653444e+05 1.803093500819172186e+05 3.676381737173750480e+03 1.502452322547740187e+05 6.717205097669907263e+04
2.249164684346756258e+04 1.496823887991084484e+05 1.840804745607236327e+04 1.765840893817339092e+05 6.983935602151003877e+03
1.074017733154483140e+05 1.233228499034131819e+05 8.457056931455441372e+03 1.655823998110340035e+05 7.002655435036004928e+04
1.615026940948733536e+05 7.308860046278065420e+04 4.958712398600119923e+04 1.306703311092953081e+05 1.811668350934678529e+04
7.982397191791390469e+03 9.422120820726914098e+04 6.047958087213924591e+04 1.988243994846100686e+05 1.525078604277486156e+05
1.865363381607912888e+05 1.476064759823048953e+05 5.128486839035515732e+04 1.034116559057091945e+05 1.674265842146417417e+05
5.749935886843078333e+04 1.348449155019262689e+05 9.170414656527510670e+04 1.833921690146244655e+05 4.985498501515288808e+04
6.838574109078418405e+04 1.814407774162267160e+05 1.377909862439566059e+05 4.141120053879742954e+03 1.797929188388540060e+05
7.370045400386203255e+04 6.534113421892206679e+04 1.577778188228036197e+04 8.877387233656947501e+04 1.057700163943160878e+05
2.671862566605256507e+04 8.250778505147964461e+04 2.918717919484859067e+03 1.042466383822608186e+05 1.372012293554917269e+05
1.956908198895918031e+05 1.283936812914636685e+05 8.929652550060753128e+04 4.670993293865699525e+04 1.285987630148471653e+05
8.037145135362904693e+04 1.303135759485866292e+05 8.737219818432464672e+04 1.284048774903308076e+05 1.549508231535220111e+05
1.049903530353334791e+05 5.773335645319664036e+04 1.899747723199373868e+05 6.195880741028643388e+04 5.532749524951419517e+03
1.677716634013882431e+05 1.996918638548925810e+05 1.962681530907849956e+05 1.737884280159160844e+05 1.673636633420595317e+05
6.153835274904784455e+03 3.156185329764229391e+04 1.344488003717885294e+04 9.583168011765899428e+04 6.559682357658771798e+04
7.216628492309206922e+04 1.602152096519335828e+04 1.337585598181519017e+05 1.609652837874782272e+05 1.057359023995952011e+05
1.479653846880377750e+04 7.066845034724540892e+04 1.654866629894241923e+05 5.095338550311601284e+04 1.483871732075172768e+05
1.627957903760554618e+05 2.701978898815671073e+03 1.984518110036961298e+04 5.978036759960780910e+04 3.638316388119593466e+04
9.860166120450335438e+04 1.993700802689825650e+05 1.017848350180656780e+04 4.799911679257058131e+04 2.202842318963083017e+04
8.400399779495691473e+04 1.160492795095902984e+05 3.737290245702207176e+04 1.357311860850582307e+05 2.368844466842747715e+04
6.147841858944825071e+04 1.442399664272120390e+04 1.951097655572056829e+05 7.086143858256521526e+03 1.191047029438007303e+05
1.936595922689634317e+05 2.136253555411242633e+04 1.299776940340483125e+05 1.581902379896718776e+05 1.225086287846713240e+05
1.586998453365658352e+05 1.524246943825894559e+05 1.809128128726978903e+05 1.320299444605586759e+05 9.991371692509343848e+04
6.400931788677049190e+04 1.090998499355396052e+05 1.671162012648677337e+05 2.872296810071306481e+03 1.489240732343024501e+04
1.395405571138043597e+05 6.644754869284205779e+04 1.075141392666168977e+05 7.176683782692284149e+04 1.690492081843830820e+05
1.721372942132189928e+05 3.219136559811874758e+04 1.736897370813668240e+05 1.639335493551892287e+05 8.947208767780645576e+04
1.528254151903763996e+05 4.986559298156534351e+04 1.063198577957239904e+05 9.602775352882408697e+03 9.712893759711709572e+04
5.480077417785580474e+04 1.472395847013887542e+05 1.755778013240741275e+05 3.814547778318080236e+04 1.187120379742969235e+05
1.002314154250222928e+05 1.705030835882299871e+05 1.004956969624821504e+05 1.071395107279285148e+05 3.918166743755649077e+04
9.135490836695319740e+04 1.704306201737160154e+05 6.059084963131202676e+04 8.047867243129826966e+04 1.687040612647669332e+05
1.948156303990193119e+05 5.863942356678748183e+04 1.145523148684265470e+05 1.420190387446205204e+04 1.004164499536418298e+05
8.891315273102313222e+04 6.882226887951249955e+04 1.875738377650676412e+05 6.737579312151040358e+04 2.253966489673966498e+04
1.781569391103106900e+05 1.679043570435981674e+05 5.644586981638884026e+04 3.365778673899928253e+04 1.973758002005124290e+05
1.365068721699666057e+05 1.702277788776702655e+05 5.276362538365275395e+04 1.189608120356533473e+05 7.021914634380070493e+04
4.977691557260952686e+04 1.844936274152022670e+05 7.829949563416400633e+04 2.978957042014434046e+04 1.503030384562090039e+05
7.505574760305613745e+04 1.215038523536874563e+05 1.152191149902712932e+05 6.212136197359148355e+04 1.661010441142841591e+05
5.370965509047527303e+04 1.684201467400443507e+05 1.203923934856306150e+05 1.943066802530226123e+05 1.545361910835298186e+05
1.032590940183533385e+05 1.865343515902559448e+05 1.806166310749583863e+04 4.372272170360660675e+04 1.254979094341844466e+05
3.274616322847365882e+04 1.635453254079435283e+04 1.447920369563594577e+05 9.837024338615991292e+04 5.498239509499127598e+04
1.910655287756741745e+05 1.176946723447033000e+05 4.832612789005928062e+04 1.430158787709217868e+05 3.028889878699163455e+04
1.193811121142243937e+05 4.276560149078381073e+04 4.155667514126777678e+04 1.471594456188232107e+04 1.256835219517509249e+05
1.461974257429683057e+05 1.625674200229696871e+05 1.788344706799221749e+05 7.021598705979051010e+04 6.879505333878134843e+04
5.468206162491087161e+04 1.633956036466296355e+05 1.059861358463249635e+05 7.365389020693475322e+04 8.773516644264844217e+03
1.423949776853292715e+05 3.980918105141384149e+04 5.493317720257880137e+04 7.045218513300354971e+03 1.506279365041088604e+05
1.962875612707495457e+05 1.188186647792581789e+05 1.541686514619737864e+04 4.219199404680240696e+04 1.278275239607624681e+05
5.013293316625819716e+04 6.458306743343143171e+04 7.076555556174871163e+04 1.741461171182977851e+05 1.639882709271881031e+05
1.400092467501377105e+05 3.204317788931172618e+04 1.041926244166757679e+05 3.824637768051573221e+04 2.439178759188873664e+04
1.210228652323347924e+05 1.281430101555621804e+05 3.126758356396852469e+04 1.169444853351049278e+04 1.210187236111046368e+05
4.502421146010245138e+04 1.214534176211085287e+05 1.750669611335390655e+05 1.755478641574934882e+05 1.034687372931971477e+05
7.372559888591978961e+03 1.438621475894248288e+05 7.940799337735213339e+04 1.366648282405117352e+05 1.545488240209634241e+05
1.624869864642269677e+05 1.965955798265973281e+05 9.049371157226906507e+04 2.958991651917317722e+04 1.955322771349000686e+05
1.553593319644253352e+05 1.670667996983929188e+05 8.687629242499031534e+04 5.411537778274122684e+04 7.819210216331586707e+04
6.432103312661637028e+04 1.699662157906001376e+05 4.950087933450850687e+04 1.291874629790618055e+05 4.360539413206061727e+04
5.426176464895479876e+04 1.816482204434421874e+04 1.183831132329748361e+05 2.715803223558679383e+04 1.252117895845137391e+05
8.944373922552495787e+04 4.580263676602584746e+04 7.595514125117714866e+04 8.075907693036967248e+04 8.397877911161600423e+03
1.283608211299825780e+05 1.249274093833028019e+05 3.207150928873549856e+04 3.964638964189832768e+04 1.452477728187450557e+05
1.032395992864183499e+05 1.423101241869149089e+05 1.224833208642845275e+05 9.312652375985133403e+04 1.124233631108248810e+05
1.259030310591872258e+05 8.057326202493133314e+04 8.174267919921815337e+04 9.665394063913670834e+04 6.184262021152939997e+04
1.449337700976161068e+04 1.613679487161563884e+05 1.483529706625740801e+05 1.437621233780706825e+05 4.357230588235274627e+04
1.774285771974780364e+05 5.349456300131680473e+04 1.283611327961748757e+05 1.358502275385707326e+05 1.679973090128070908e+05
4.122738465976461157e+04 1.364039529704107554e+05 4.513229283509447851e+04 1.755150941935699084e+05 7.211600424778374872e+03
1.842421057364548906e+05 1.461233909214134655e+04 4.698253687080662348e+04 1.277861468431676476e+05 1.315767315203455801e+05
3.545270347341666638e+04 3.590050323944706906e+04 1.403071622836824390e+05 1.029155926774029795e+05 2.245726911312695302e+04
1.745972491971681593e+05 1.371646965631576313e+05 6.661923945021716645e+04 6.430405341367073788e+02 1.318377787664086209e+05
1.280519076473349560e+05 1.625338407417693816e+05 1.960974738815426244e+05 1.772935656462553015e+05 1.220935992034877272e+05
9.721898907119019714e+04 1.727145702204687987e+05 1.490149948281375982e+05 5.742921028851612937e+04 9.317468587425116857e+04
8.152795156494005641e+04 1.647225304350212391e+05 3.510594046928227908e+04 1.803211513338209988e+04 8.397259109615324996e+04
1.451959555961310107e+05 1.514328373658640194e+05 5.498466957744438696e+04 1.421045091009500320e+05 2.031980156139112660e+04
1.533736401001236518e+05 4.615941356209894002e+04 4.242653900215547037e+04 5.616058875714347232e+04 1.147789107584259909e+05
1.547357324812088700e+04 1.963415005962352734e+05 1.172577181117429427e+05 1.144189834210706467e+05 1.602627012138590799e+05
6.793608856225486306e+03 1.820489238348160579e+05 1.865209441666012281e+05 7.347797356325802684e+04 3.229776813647493691e+04
3.889793037044810626e+04 1.699908602352296875e+05 1.048019216272153608e+04 9.533536181050528830e+04 1.841995098444974574e+05
5.512011302503905608e+04 1.575018088553474809e+04 1.010272092834776413e+04 1.793960488011922571e+05 8.724583882735401858e+04
1.639535941318176338e+05 3.998333433007317217e+04 9.710997580410534283e+04 1.426515726230026485e+04 5.367185367791851604e+04
1.754035291533799900e+05 1.413724861696435837e+05 4.765283277711447590e+04 1.170454837292220036e+05 1.124820277701491577e+05
1.631072218556857260e+05 1.473163944372729457e+05 9.440488151017474593e+04 6.374951507740684610e+04 1.343932343901645982e+04
6.053919711238342643e+03 7.027407020370919781e+04 9.651569140548146970e+04 1.500331314225400456e+04 1.081658231762456562e+05
3.309159938463990329e+03 1.635279327331267414e+05 1.906667067245608487e+05 1.092098451782455959e+05 8.120708514886630292e+04
5.161423383350192307e+04 3.160846934910463824e+04 1.602378814584190550e+05 1.999796994628809625e+05 1.937271390461001138e+05
3.902208400967532725e+03 1.714703851341461996e+05 1.915896779493482609e+05 1.729497981643685198e+05 9.839150332547971630e+04
7.320948293291122536e+04 1.071705448954445455e+05 1.337000147543936037e+05 1.597020159709810687e+05 1.518062439126879908e+05
8.840948416572956194e+04 7.616295228809533000e+03 4.083956694824453007e+04 1.093948245110754069e+05 5.325728645656966546e+04
4.964774652835557390e+03 1.912506755552786053e+05 5.834191789461746521e+04 3.958570121423623641e+04 8.842505084960199019e+04
4.669995336803283135e+04 1.589994201212069020e+05 1.720182833984998579e+05 5.161928391078580898e+04 2.173559301234593295e+04
3.705783533997683844e+04 6.270089481679131131e+04 7.933283401561874598e+03 1.391830593365841778e+05 9.394557277196407085e+04
3.333507056227820431e+04 1.346296136577573197e+05 1.809714820705514576e+05 1.974842206937573210e+05 5.942123091237487824e+04
2.665227102528686737e+04 1.682250916841440485e+05 4.337863904932346486e+04 1.238083952955205896e+05 1.604850277367997296e+04
1.967572501261965954e+05 1.962799283997165330e+05 1.076529625038311642e+05 1.464059432475975482e+05 4.802580209195481439e+04
1.945485203871364065e+05 8.766120439882345090e+04 3.126945734931596689e+03 1.651432774533634947e+05 1.313779934631106444e+05
4.450244056881984579e+04 1.769987508900197281e+05 2.184393681353278225e+04 1.966885726972324192e+05 7.076968156742214342e+04
1.427088832203176862e+05 1.393171272024150530e+05 1.387765926942196093e+05 1.277609581942809018e+05 9.755367667133230498e+03
2.123156682062325854e+04 4.911545831719363923e+04 7.773181202706760087e+04 4.454304818313914438e+04 2.476871596424832387e+04
1.293188269679829100e+05 1.659194320331348863e+05 1.835066769210942439e+05 1.396065384043450103e+04 1.736966285943681723e+05
4.705628597808075574e+04 7.161821795656024187e+04 1.751542631195956492e+05 1.274018693072644674e+05 1.437256759819641302e+05
2.642493083398495946e+04 2.980460760875147571e+03 4.555061792185264494e+04 9.377169960080762394e+04 1.042922742596182070e+05
1.349803594077303387e+03 1.115247608628167109e+04 1.100438024460770102e+05 2.304766684963208536e+04 8.795332403162412811e+04
3.563216061597030057e+04 8.703668208092162968e+04 1.046014117560915911e+05 7.902449110225908225e+04 2.940922976572570769e+04
1.261909342952938168e+05 5.977380690084146045e+04 1.111945380188386334e+05 1.783548746129982756e+05 4.006440309873344813e+04
6.249102769200896000e+04 1.640112379517592781e+05 2.419224128852049034e+03 7.890665144152200082e+04 1.036282900798142946e+05
1.784773761157195840e+05 4.431668068277439306e+04 6.962254503378151639e+03 8.041980387965732371e+04 1.624285611029487918e+05
1.129557722593365761e+05 3.525695469828489149e+04 1.316146739810105646e+05 1.584783086372543185e+05 3.632567906443020183e+04
1.015864898017773085e+05 1.787384376346353092e+05 1.182164357634053740e+05 1.900459052258975862e+04 1.566342532946435676e+05
7.730776424925606989e+04 1.321954195684127335e+05 1.846496149793910445e+04 1.051378896943947911e+05 4.629161454664103803e+04
6.487018231192020721e+03 1.660519094891674831e+04 1.686743230729173520e+05 1.303137362568273820e+05 1.415670242256872370e+04
8.344705308235516713e+04 2.693387251505001768e+04 1.026742631181382603e+05 1.614093960763324867e+05 2.264680356438126910e+04
9.704812696442106972e+04 4.022647601111444237e+04 4.232780765041053382e+04 1.640523920220110740e+05 2.333647681679829111e+04
