1.182484131661191204e+05 1.025459452432572580e+05 5.158631437185045797e+03 1.083512916779122170e+05 9.445477184621557535e+04 1.062670150485527847e+05 4.169944902234145957e+03 1.663835356240848196e+05 7.096653070064129679e+03 1.327444552512039663e+05
1.721323466680513229e+05 7.727213770686955831e+04 8.253463349421774910e+04 4.422748631307904725e+04 1.212315585508119402e+05 1.790558063492328511e+05 1.426894340486821893e+05 1.293710543388226070e+05 1.203123844326763356e+04 1.294026597225601290e+05
1.723159942815605900e+05 4.780075528150353784e+04 1.079326004229563550e+05 1.171135239665847621e+05 1.030646279981510597e+05 7.673258373225582181e+04 9.074952106757943693e+04 1.777712886989907129e+05 1.259626623964185565e+05 1.953329877130492823e+05
6.397861068303944921e+04 9.553418644243528252e+04 2.498918758480774704e+04 8.929671694127361116e+04 1.316962905640980753e+05 9.185230628727629664e+04 1.228425672751334241e+04 7.091166344243651838e+04 3.170362342371264458e+04 1.514625644628984082e+04
1.959881835017479898e+05 1.023702456947866303e+05 1.403195593057016667e+05 1.218552422664995247e+05 1.562501206007992732e+05 1.558646466305476206e+05 7.418511604542356508e+04 6.975818022945823031e+03 8.321528325739791035e+04 2.602465453806133155e+04
1.833821981029670569e+05 9.812629591884654656e+04 3.478309151776180079e+04 1.961598303867908253e+05 1.466647416222222091e+05 5.203035852649134176e+04 6.025041478708395152e+04 5.856192345741684221e+03 1.392954036853964208e+05 5.814500439445091615e+04
8.667130504374692100e+04 6.386183938660883541e+03 5.501307454593467264e+04 1.867484268462676555e+05 4.117498736291717796e+04 1.454236605005851889e+05 1.021851547158254107e+05 4.396750243572815816e+04 1.223650301526766561e+05 1.072274498538538610e+05
1.418745114548653073e+05 1.957265491944772657e+05 1.861777901293013711e+05 1.058135396230605256e+05 9.440782660385817871e+04 1.999399073999098327e+05 1.248911755382089359e+04 1.413148921156990982e+05 1.961474818962591235e+05 2.689929489093931988e+04
1.163714835060147889e+05 5.568142492587229208e+04 4.646481721185766946e+04 1.986215920857181845e+04 6.709192949208311620e+04 9.588945190126924717e+04 1.270818550458455284e+05 1.387451203581156151e+05 5.593017540275717329e+04 9.178007792081695516e+04
1.690574828004635638e+05 6.045532627377408062e+04 1.617685739486445163e+04 1.398598938827121747e+05 1.267126907427594124e+05 1.110385493125412468e+05 4.506409988321020501e+04 1.000864312306637476e+04 5.284916435896591793e+03 9.379537287259551522e+04
1.612282375506207172e+05 1.548793281756224169e+05 6.417872405089686072e+04 5.532125803140766220e+04 1.538682677135299018e+05 1.302831613622125878e+05 4.749034945322925341e+04 1.200147226150665119e+04 1.870334695696877316e+05 8.724225419282338407e+04
2.665114184452075278e+04 1.078174197025004687e+05 9.630480600800384127e+04 1.276723769247763703e+05 1.148242670018085919e+05 3.552403227055973548e+04 1.476382754083886102e+05 1.870240357876420312e+05 1.280783775644511916e+05 3.258803097959599472e+04
1.394875374614506436e+05 1.956287528950451133e+03 1.684988197563565336e+05 1.695818577506763686e+05 1.240345103111670178e+05 1.291986403377719689e+05 6.127253680405984051e+04 1.965292112769706582e+05 1.329639932773940964e+05 4.071260754539845220e+04
8.406319493308935489e+04 1.981940840728453259e+04 1.346083603753660573e+05 1.344526918599666387e+05 1.347233230304453755e+05 4.557068992400426396e+03 8.201333151205113973e+04 5.437620851762501115e+04 2.153718569955653948e+04 1.182399633095993631e+05
1.382105274345284270e+05 6.518324747025738907e+04 1.093963733900128427e+05 7.395391423544248391e+04 1.003910371702210687e+05 6.322444794101919979e+04 1.524454486988475837e+05 9.613768928519547626e+04 1.864004982694838254e+05 4.888274310945239995e+04
1.697196082107917173e+05 1.153862389672526624e+05 1.107281483941933839e+05 1.505890919408573536e+05 1.563668963354321604e+05 1.804833079126337543e+05 8.796807748218694178e+04 8.312974922335361771e+04 1.140028639074791281e+05 1.558028604906126566e+05
5.074911247652946622e+04 2.336851153961543241e+04 5.497758276682496216e+04 4.452472208277958089e+03 1.382372947385733132e+05 1.364304616137245030e+05 8.697657690327733872e+04 1.075947103834238260e+04 2.251454275536846035e+04 1.509354579897609656e+05
1.539016564297994773e+05 1.377690560057227594e+04 9.477169877985557832e+04 1.317529039200442494e+05 2.116111851690598633e+04 1.938479628221928433e+05 6.264003602455758482e+03 6.341451240251761192e+04 1.140501286147232313e+05 1.613147551796554762e+05
1.568957978642511262e+04 2.492864423978859850e+04 1.529956803114718241e+04 1.979893181821450125e+05 1.500454227292561263e+05 1.361340763253824261e+05 1.169228172524743713e+05 7.804827058204598143e+04 9.749063932723531616e+04 7.073498201650765259e+04
1.205583416372941138e+05 1.225455578626545757e+05 2.818447644388211302e+03 1.465539277684020926e+05 1.222542763787755248e+05 1.378886659231843805e+04 1.501484677995776583e+05 1.755806745064240822e+05 5.781200395985150681e+04 6.763028861376107670e+04
1.187382883715715252e+04 9.311041522724853712e+04 1.754872720560804883e+05 1.776253896041852713e+05 1.735953811620462511e+05 1.297925603162019834e+05 5.361750563231795240e+04 1.436661957640704350e+05 5.354815373058991827e+04 1.860496145001493278e+04
8.727844642834048727e+02 3.908035711243798141e+04 1.765710210077237862e+05 1.985602554804781685e+05 8.434834418425647891e+04 9.254248225768297561e+04 6.410339112470801774e+04 1.703402608116855263e+05 9.354084208604345622e+04 1.652692719905021077e+05
1.877087947118438897e+05 1.994959516500357422e+05 1.645804252759788942e+05 4.532965227868901275e+04 1.369370066134811495e+05 8.363933782075650015e+03 1.361422730883356999e+05 9.955934545854669705e+04 1.066333666554868541e+05 1.514655698755205958e+05
1.759781670162208029e+05 8.950104159495321801e+04 1.859701513849805342e+05 1.080109088243950100e+05 1.844948798553474189e+05 1.696112103719959559e+05 1.874439114826753794e+05 7.769854808481670625e+04 1.088269747755009594e+05 1.950246847338366206e+04
6.982095916194759775e+04 7.490742970197086106e+04 1.846231203771675646e+05 8.793398178341086896e+04 5.092253803355572745e+04 9.588460602350559202e+04 7.206957469593622955e+04 6.716521469834990967e+03 9.363634129840470268e+04 2.318841730448768431e+04
3.207571994156803703e+04 6.313420341062772059e+04 1.739230963945038966e+05 5.724103720835293643e+03 1.145154897650627827e+05 7.356851052189857000e+04 1.116255778889966750e+05 1.085038639891930216e+05 1.752707906282853801e+05 1.227954100369918597e+05
1.747996764366777206e+05 2.112487648483310113e+04 1.877162865462677146e+05 7.645307461604264972e+04 1.949453334375357372e+04 1.428676173163656786e+05 5.516556714412490692e+03 1.874594144652843825e+05 2.380934337293014687e+04 1.215189823773772223e+05
8.155218786850618199e+04 3.435044687254729070e+03 1.965567515809654724e+05 1.658821177626104036e+05 7.649108730513488990e+04 2.115305503310449694e+03 4.444877339768140519e+04 1.196408135209829197e+05 1.090633338240785524e+05 1.925687135142355110e+05
1.852636711492443865e+05 7.675627656879340066e+04 5.436363714496316970e+04 1.029820768392255995e+05 9.528858280658508011e+04 4.856786072829444493e+03 7.071684421702295367e+03 1.554555478404993119e+04 1.488740207421804080e+05 6.778170623478287598e+04
4.721091483337684622e+04 7.155192152931548480e+04 1.295277180185454781e+05 1.341624396391039772e+05 1.269743824528277764e+04 2.200423954084087381e+04 4.909295710860228610e+03 1.331473300876164831e+04 7.472676064450034573e+03 1.399939070809507684e+05
6.234656617411371553e+04 1.665151930820306588e+05 6.713810212764676544e+04 1.091382524659141491e+05 4.265751635633155092e+04 3.615078400319528737e+04 1.730777674908578338e+05 3.746423147994004808e+02 6.104410034975276358e+04 6.119414632802255801e+04
3.916351387963881280e+04 4.715461370456093573e+04 6.922867308664190932e+04 1.993137002896215999e+05 1.516399524272548151e+05 4.148071187361861666e+04 5.018291174047160166e+04 1.159335763167299301e+05 5.801019088611722691e+04 1.959363346957161557e+05
1.766916614381011168e+05 2.833471376385243639e+04 1.929609491656301252e+05 3.826670495783662045e+04 8.386331980741079315e+04 2.625612201480302974e+04 6.879695824630635616e+04 4.788311610535718501e+04 1.395380855060722388e+05 1.751975075232489617e+05
1.393856303612755146e+05 2.452892750050195173e+04 1.395913407941860496e+05 1.032655847788895480e+05 2.154687137402460212e+04 4.195911298593349056e+04 1.374124629885775212e+05 2.634660284272771605e+03 6.418757294271235878e+04 1.814259792037587904e+05
8.428167890876898309e+04 6.309251360862220463e+04 9.100307188653927005e+04 1.087641305921567255e+04 1.059892866228571802e+05 1.818620194616151857e+05 1.598169637126147572e+05 1.050434931599537595e+04 1.702674643026585691e+05 1.405913616004222131e+05
6.934591668681966257e+04 2.645539813711035458e+04 1.765586596477259809e+04 2.594427884126995195e+04 1.797985199482964817e+05 1.091887101895347150e+05 1.858989966135222930e+05 1.388291068297016318e+05 7.680549022428675380e+04 1.409268201940555300e+05
1.154536830686710600e+05 4.427880816762974428e+04 1.534144073622834985e+05 1.004414043208243856e+04 3.366778764801099169e+04 1.058335023709415109e+05 1.173198834021605144e+05 4.041791758181663317e+04 9.364494750521643437e+04 1.106469386909324094e+05
1.937089972056576516e+05 1.032131147735579871e+05 4.822562166760489345e+04 7.999070739351284283e+04 1.781020860916857491e+05 1.103798452291439753e+05 7.226121448245532520e+04 1.815463091141554469e+05 6.729933504780010844e+04 1.142474812387592247e+05
1.147197009693463187e+05 4.929899958119323855e+04 7.844433310625444574e+04 7.473830672213275102e+04 1.166718253503804153e+05 1.410666278025612410e+05 1.019589307253496736e+04 4.398710251506174973e+04 1.648583200966104341e+05 6.648201835292865871e+04
1.791362038534820895e+05 1.646952462319998594e+05 1.834145400733301067e+05 2.970724752271014586e+04 5.352841022080938274e+04 4.434166889650379744e+04 1.815868749206565844e+05 1.318317317690319906e+05 1.496390589738755079e+05 3.095488249908859871e+04
1.943661908516891999e+05 7.303293819243641337e+04 1.681153539286290761e+05 3.690299296755643445e+04 1.076761823405305331e+05 1.853106409285148256e+05 2.734608049782516537e+04 1.938969839457023045e+04 1.413699420597893477e+05 4.338135321313176973e+04
1.894095379929799528e+05 7.217618594723951537e+04 7.519491823231572198e+03 9.776297542612304096e+04 1.073702045498206426e+05 1.899052734507033019e+05 4.312530576887349889e+04 2.314802822134014423e+04 1.125130437429776794e+05 1.616752112893020676e+05
3.605708944413346035e+04 3.190846266158855360e+04 1.237917609158123814e+05 9.302788620153561351e+04 1.080330226261552016e+05 1.191485385166400520e+05 1.830322428485794226e+05 1.007234228512043046e+05 5.553392989744736406e+04 5.026706904209834465e+04
1.027028256356306956e+05 3.262598729929002729e+04 9.776036040999480974e+03 1.056003914737100131e+05 1.904769142995578877e+05 1.643096793464994407e+05 6.196906926754679444e+04 4.352387063167835004e+04 5.871735194378752931e+04 1.059409724435139651e+05
1.814345332588838355e+05 2.899859753876188279e+03 1.904922032436486916e+05 8.210228538789814047e+04 6.991434757312202419e+04 1.859619535555267357e+05 8.307610528077458730e+04 7.491853003308326879e+04 7.681670261778614076e+04 3.102008154700586147e+03
1.292621901281300234e+05 1.352023047432350577e+05 2.783099804729489551e+04 7.063875661714808666e+04 4.568982761741928698e+04 3.911477868884671625e+04 7.351425283168016176e+04 3.448058999803562619e+04 7.226231236004094535e+04 4.334716363537141297e+04
1.501281364394611046e+04 2.122818465409490454e+04 1.318850013191779435e+05 1.810159446092324506e+05 1.917365092164919479e+05 3.243162641402319423e+04 9.926119084520945034e+04 1.957003375101610727e+05 8.063122671741925296e+04 5.547045171843165735e+04
6.708827681702311565e+03 4.357033937199154752e+04 1.353404555365597189e+05 4.319399211341172486e+04 1.559487246417904680e+05 8.810671434171168949e+04 1.473732869483673421e+05 1.593871464258184424e+05 6.556645080478202726e+04 2.858889806136104380e+04
1.402040308961006813e+05 1.827270163634651981e+05 1.342460357108340249e+05 2.056644079679739298e+04 1.880637580694456119e+05 1.057616326991765090e+05 1.360993345999530284e+05 1.539461235559243069e+05 1.355509899995082233e+05 5.757203079652888118e+04
7.957202816549235649e+03 2.273771525205978833e+04 1.352975931907483027e+05 1.891715734706897638e+05 1.361454803046674351e+05 1.058170290420719248e+05 1.287650357680435845e+05 1.856797595477524737e+05 9.723770671562559073e+03 8.107984249056797125e+04
1.931258450158177875e+05 3.274653130564675394e+03 1.634361522657699534e+05 1.630016333028042282e+05 5.449211911745896941e+04 6.815826974862326460e+04 3.821687368575046276e+04 1.958862106196726963e+05 1.167493541410864418e+04 8.975186540902839624e+04
1.220586954862910061e+05 1.688355643806438311e+05 6.629015460118214833e+04 1.442245455874924664e+05 8.868036536062072264e+04 1.610336498223340313e+05 8.887436016148983617e+04 1.168483620746992674e+05 1.935594102990255342e+05 1.695431314486348128e+05
5.696799899324971193e+04 1.283804875769853970e+04 5.963384052279873868e+04 1.310542495266849583e+05 1.234216320975678973e+05 8.241255004797790025e+04 2.930078573050671912e+04 7.031221934301634974e+03 6.274542818609156529e+04 8.425520319373477832e+04
1.415304129349115829e+05 1.032571189966268576e+05 1.078088582784642640e+05 1.202515683810828341e+05 1.406762432114471158e+05 1.515969284342287865e+05 1.678738104582084634e+05 1.086201134630330926e+05 1.947513713086767239e+05 1.952197027399414801e+05
1.707999309158777178e+05 5.231043873768686171e+04 1.238843810668091101e+04 6.945102417247768608e+04 1.634070058815954544e+05 9.528346216715178161e+04 1.933261337617679092e+05 1.593682129773352790e+04 9.433866204765145085e+04 4.958875158051811741e+04
9.280685312187338423e+04 1.188118313254129462e+05 1.711529048611719045e+05 1.927833936335941835e+05 1.258833448322916374e+05 1.098345528490314755e+05 6.920500110287519055e+04 1.946363494182653085e+05 1.363410641701327695e+05 7.619626618988683913e+04
7.940448789121024311e+04 1.327716775743484322e+05 1.670541879696528194e+05 7.159011787252058275e+04 1.084022669167885615e+05 8.573876532956981464e+03 2.190937603644127375e+04 1.389408744113704015e+05 3.705770968403887673e+04 8.450694413004220405e+04
3.021758228822903766e+04 1.197059432025789283e+05 1.830199144187944185e+05 5.928178796428968781e+04 1.719821852420773212e+04 4.745410989366312424e+04 8.782387630559777608e+04 4.084447280018610763e+04 4.296014662669262907e+04 1.989115522207444301e+05
2.388009045828620583e+04 2.806582500498091395e+04 5.290801753053237917e+04 9.780975913320167456e+04 7.426826858446891129e+04 7.037517963586896076e+04 1.496782064226504299e+05 7.584987323083540832e+04 1.068237915332027187e+05 1.194774474105363915e+05
1.953224887275800866e+05 1.950087285291007720e+05 9.353299624169673189e+04 1.800568139983059955e+05 4.223739198078950722e+04 2.489871239938712279e+03 1.462627710806128744e+05 7.928036198746628361e+04 8.397073773524818534e+04 1.647738610034797166e+05
1.610309562726142030e+04 9.961199253186436181e+03 1.306008114819195034e+05 5.059583417494491005e+04 6.920124079306425119e+04 1.787954989092693722e+05 4.316288436294191342e+03 1.800107040067031048e+05 8.610560781650338322e+04 3.092889104517480155e+04
1.503277773809744685e+05 1.452414105448646296e+05 6.521084346521246334e+04 3.736104187924129656e+04 9.566339323532622075e+04 3.597279709172544972e+04 1.417418979907216562e+05 1.018836388314877404e+05 5.142423737074317614e+04 3.823522025754442438e+04
1.521731517850242199e+04 8.838537624479521764e+04 8.627773126863724610e+04 1.036127452592705595e+04 1.720528087780315836e+05 7.140442644247091084e+04 1.259721336716484075e+05 1.278473679009870102e+05 7.136338923262519529e+04 1.321497454514302663e+05
1.850299069359293208e+05 8.463950516228062043e+04 8.574223560613143491e+04 6.731451533287718485e+04 1.679515744319822988e+05 3.066949288210416489e+04 1.833407504796390131e+05 1.689468336198198376e+05 6.247066704621033568e+04 6.879467976420604100e+04
2.163538549019749917e+04 1.626702690276873182e+05 1.536164103794148650e+04 1.219173411664554442e+05 1.998544018162575958e+05 1.858094324733424000e+05 1.819240282033543044e+05 1.027858096507069858e+05 8.226448451485508122e+04 7.849361082687662565e+04
2.580930742532687873e+04 4.390604485356363875e+04 1.150824196912939369e+05 1.216262293309249217e+05 1.630535456009303743e+05 3.827694837920856662e+04 3.878848510262998025e+04 1.026540359947564866e+05 1.877314301874527591e+05 7.821879159901905223e+04
8.651921997151608230e+04 1.649989501494656724e+05 1.319427156678375031e+05 1.613660531768368401e+03 4.760533399231296789e+04 6.378229010537632712e+04 1.610484775681917090e+05 5.032128911149576015e+04 8.742784238481482316e+04 4.293696556953752406e+03
1.300873189001924038e+05 9.783028945531268619e+03 1.987126840698901215e+05 1.049545176858635677e+05 1.806938085498407308e+05 1.641601925268886844e+05 1.173163205904612405e+05 1.662541493650461780e+05 6.155693630979654699e+04 1.052411544632279110e+05
1.451121531873915592e+04 2.021861862494702655e+04 1.354850588482758940e+04 6.928390918939022231e+04 1.804598402319457673e+05 2.699458260739591060e+04 8.289829757212358527e+04 1.973359166999276495e+05 3.783746226593935717e+04 1.529344261461455317e+05
1.334754951824814198e+05 1.611885367028812179e+05 2.674465334304667704e+04 5.254592729985179176e+04 1.707342985399298195e+05 8.899691179262963124e+04 6.158807807981445512e+04 8.122912887681026768e+04 6.915130442909619887e+04 1.700767713280180178e+05
4.371293790498016460e+04 9.290267176085256506e+04 7.988228756607465039e+04 1.256690204912696936e+05 2.260434006491378750e+04 1.739458871080700483e+05 5.272020985882872628e+04 3.253347518748195216e+04 1.357403874592374195e+05 5.626157916960961302e+04
5.331471809868355922e+04 2.654441570979888638e+04 3.231602238338318057e+04 2.312419070506439675e+04 1.330912368772439077e+05 6.133437340113123355e+04 1.074336468351586518e+05 1.992905518685998395e+05 9.072314464122342179e+04 1.410343720514907036e+05
1.617930386052753311e+05 4.031039424811937351e+04 7.284803146113527873e+03 1.933181584078651213e+05 3.905813423263315781e+04 6.496067164665515156e+04 6.033961204144633666e+04 2.906612890039481499e+04 1.189765843799008871e+04 1.902495780971496133e+05
1.681205919728394656e+04 5.276536668258884310e+04 1.769532142472505802e+05 1.920786939858871629e+05 4.037910961139918800e+04 1.269128742572868359e+05 9.612994782815084909e+04 1.699755676626660279e+05 1.486446904081283719e+05 1.132189163631461415e+05
1.970044832237295632e+05 3.372310696070135600e+04 1.085272098412981541e+04 6.746000377941796614e+03 1.898543543828681140e+04 1.670408592001931684e+05 9.988067614901274283e+03 1.895104696095373365e+05 1.029978964331040916e+05 1.021083393131325647e+04
1.703785937130829261e+05 1.904850187378053961e+05 1.047383205902703230e+04 1.539653133933263052e+04 7.892044316160376184e+04 7.183572231061545608e+04 1.020417519375773409e+05 8.399148777926499315e+04 7.029383142774546286e+04 1.295647986951802450e+05
1.599645886716484383e+05 7.622407284173183143e+03 3.881401644718485477e+04 2.720938815625038114e+04 8.758469525976771547e+04 1.451497873762988311e+05 7.461067260634205013e+04 1.191131327975540917e+05 2.967107338873107437e+04 8.060048511502472684e+04
6.042399346180067369e+04 1.791641448096850654e+05 3.732563901994143816e+04 2.614517456647975632e+04 3.861488699250858917e+04 1.975542804316965339e+04 1.013788321174448065e+05 2.747782263755151871e+04 9.688577596936195914e+04 1.031995907860868028e+05
9.068453017288158298e+04 8.495350306841672864e+04 9.528723747548519168e+04 1.432029090168665862e+05 1.989500239653999452e+05 1.288099118174930118e+04 6.858690842761787644e+04 1.376794354471939150e+05 1.643086640232558711e+05 1.219520892479611502e+05
1.060445499169580435e+05 1.208423957134533412e+05 8.661914413901403896e+04 1.586346347048521275e+05 1.104948135368998919e+05 1.347306016973240185e+05 1.368909749724312860e+05 1.467585034740131814e+05 1.249479167202615790e+05 1.621209633654739300e+05
1.722089776792884513e+05 7.992323424225219060e+04 6.557586928416098817e+04 1.317964927927315002e+05 1.772716821325723140e+05 7.566210290306508250e+04 4.611945770427150273e+04 3.936411026246688834e+03 1.807385806392238592e+05 1.911830686931863602e+05
1.389254481410635926e+05 7.567632465894935012e+04 1.088681548781675665e+05 7.293561702151014470e+04 1.690909094594540948e+05 1.580015965069952363e+05 1.120031845477940078e+05 1.444461091948587273e+05 8.365498047007058631e+04 9.089024711192794712e+03
2.875416657066707194e+04 1.116759787636583133e+04 7.873956137164751999e+04 1.783587078010845871e+05 1.225255606058421254e+05 7.895564205625302566e+04 1.867274775297966553e+05 6.841448535019674455e+04 1.431846422223642585e+05 1.827942847200716787e+05
1.796508705448247492e+05 1.170962355004885321e+05 1.576596896205686207e+05 6.534641671519507508e+04 1.859528521692082577e+05 1.473748400355386839e+05 1.906454339191960171e+05 1.140380633610976365e+05 1.642852504797044094e+05 1.838332368659168133e+05
7.202646848548333219e+04 2.424447505418343280e+04 1.904119896396413387e+05 3.439354938249219413e+04 1.863289055085721193e+05 1.579497857681363239e+05 8.386719653762628150e+04 1.363849851273188251e+05 4.947563884825383138e+04 8.201725967907054292e+04
2.868821507650287458e+03 1.378081315240487456e+05 1.497121762252286717e+05 1.934658419618488697e+05 9.146590958920761477e+04 1.046601920779533248e+05 1.402141082556351321e+05 2.250117167083460663e+04 9.657409669571765698e+04 1.110941593721794779e+05
2.578074901824762856e+04 1.370239803750376159e+05 6.818540655158247682e+04 1.885404431254729570e+05 9.323315420493802230e+04 1.902070413415519870e+05 4.606240133054630860e+04 1.371752779992721917e+05 1.675159017723914585e+05 1.191030644694157381e+05
1.633380941535346501e+05 6.000529930420861638e+04 1.462464305306923343e+05 6.755081210732339241e+04 1.821487158238110424e+05 1.917995167979307371e+04 6.256219763875667559e+04 1.808068517358713143e+05 1.713676377194590750e+05 1.113873621885225148e+05
1.035836794337057509e+05 4.111851061386924266e+04 6.395478965956429602e+04 6.381812124391210818e+04 7.979839026338295662e+04 1.962902118380270258e+05 3.868388102128799073e+04 3.368159712171525825e+03 1.146788924912430521e+05 7.838820514034862572e+04
1.966716740513852274e+05 4.483764749273049529e+04 4.999829956064056751e+04 3.466715674649016728e+04 1.598589911793716601e+05 6.713631881089738454e+04 5.603754885664191534e+04 6.946889483819127781e+04 2.482677907109800435e+04 1.937343250702936202e+05
1.229539377962030703e+05 8.949201832773348724e+04 9.633266810103217722e+04 1.822667556750373915e+05 1.825337363665282464e+04 6.586706589822943897e+03 8.027119823912212451e+04 9.212593245139521605e+04 1.614527471625815670e+05 1.418888105811549467e+05
2.918646418433759027e+04 1.961854812324308150e+05 1.244668390258108848e+05 8.777703281278529903e+04 1.884232057618071849e+05 5.986617574911219708e+04 1.025080761093503825e+05 6.778281599857214314e+04 1.181994418258990918e+05 9.572399590420298046e+04
1.497868423541534576e+05 5.623209887424467161e+04 1.424536684891932819e+05 1.942082688522536191e+05 1.256811701810054801e+05 1.570977413446310675e+04 2.882298887071108766e+04 1.095533325218902173e+05 2.508837370353065489e+04 1.958433203945120331e+05
1.359636556494395190e+05 7.662162471367635590e+04 1.665771811259998940e+05 1.704986051015577978e+05 8.335009526204824215e+04 1.229082949091808550e+05 1.772720235975617252e+05 1.834130827682032832e+05 1.531574747921813105e+05 6.768086741780881130e+04
1.572905544402933810e+04 3.650920623742379394e+04 1.628913850737922476e+05 1.372658355807440239e+05 2.527715055333961209e+04 1.064484879593947408e+05 5.056915551248050906e+04 1.986967048627053009e+04 1.596310747885974706e+05 1.168189373569852905e+05
3.199624872573758694e+04 9.419224423077025858e+04 1.892161655877965968e+05 9.207124937708985817e+04 1.259655610966692329e+05 9.584838232668844284e+04 3.142715871864345536e+04 1.532411692498871998e+05 6.181682923224089609e+04 2.526610830227922270e+04
9.697763610756961862e+04 1.269689744653120142e+05 5.798349752354709926e+04 1.427052156661716581e+05 8.180507872879270872e+04 5.356261786232316808e+04 1.813087186018773064e+05 1.981829700365520257e+05 7.834710271071862371e+04 1.758350558378605638e+05
9.797295107308511797e+04 1.913750193955682334e+05 1.791710730273655499e+05 6.076708933939613780e+04 1.069112675472519768e+05 1.194529648390514049e+05 2.652432595270561796e+04 1.118254183610019245e+05 5.242526028114638029e+04 1.025549312387301616e+05
4.566512277560583607e+04 7.691812687189389544e+04 1.518968376164264737e+04 1.222091980189503556e+04 1.572928266329248145e+05 8.588947698326274985e+04 9.008489568151922867e+03 1.453702157004511973e+05 6.538554897886812250e+04 5.590827109027008191e+03
1.981159188010155922e+05 9.753177449024333328e+04 5.743226446231428417e+04 3.435235029496981588e+04 2.866811976940009117e+03 1.306658657204132760e+05 1.300309547985421232e+05 1.261687060690830322e+03 3.486679547350941721e+04 8.244292483344266657e+04
