6.544291017226118129e+04 5.285784659257717431e+04 8.545707770603218523e+04 1.817215242189436394e+05 1.375941222883315932e+05 3.347143663775207096e+04 1.555197127690406051e+05 1.334411329652887653e+05 1.144318832019337569e+05 1.188002061570285587e+05
6.983937184929021169e+04 1.850006719874726550e+05 1.003679753895373287e+05 1.372090674172209983e+05 1.221874069834818074e+05 1.681524878827427165e+04 5.154697423824432190e+04 4.589209130761440065e+03 1.370956824811541010e+05 1.176558700518886035e+05
1.827590664506026951e+04 2.048922245038507026e+04 1.821291272995017935e+05 1.458124310441587295e+05 1.535156995255758229e+05 6.636976104948685679e+04 9.170065209431268158e+04 1.094886030510445271e+05 1.418631108024775749e+05 1.551901618812112611e+04
1.769560244382015371e+05 1.296668854604207154e+05 1.971324883299219073e+05 1.176138332720281469e+05 1.587757586343435978e+05 4.070117742162855575e+04 7.330353170090826461e+04 1.971771987105296284e+05 5.220376051257469499e+02 1.876731502053833683e+05
3.751006773021461413e+04 1.479704661967969441e+05 8.589679270024479774e+04 1.463371108254926803e+05 5.089587206084236095e+04 1.058758494609054906e+05 9.656380802857798699e+04 6.367560002774850000e+04 3.834771593918808503e+04 1.614433821209137095e+05
1.153742460200525675e+05 1.913519263975412177e+05 1.453597830393846671e+05 6.823507566501450492e+04 1.625137271138195138e+04 7.539081612114940071e+04 1.452684425345575437e+05 1.883932453505014419e+05 1.257101141634754022e+05 6.084072861731664307e+04
6.372110836363220187e+03 1.509306222638959298e+05 1.366261650920106040e+05 1.885444160576708091e+05 1.177511542397791345e+05 6.935223224505232065e+04 5.335096084361003886e+04 2.000226925242427751e+04 6.436228814526390488e+04 1.266791772389379621e+05
5.291291165436075971e+04 8.760778728646690070e+03 1.351597146066196437e+05 1.846046509112172353e+05 1.217168591279415268e+05 1.569579459726778150e+05 1.631965244519331100e+04 1.931610140497162356e+05 4.515096463236070122e+04 1.067533528452690916e+04
4.535971258009457233e+04 6.812492678670682653e+04 1.932119278671742359e+05 2.138145084079767912e+03 1.527087225569061702e+05 1.565705572820216184e+05 8.046796309312911762e+04 5.131403258249747159e+04 4.212929059166521620e+04 9.640052468251989922e+04
1.355039922853447788e+05 8.579549432785251702e+04 2.976485170169314006e+04 1.286243371058521880e+05 1.078407723187493830e+05 1.118486169697819423e+05 2.015142925148323411e+04 1.467213311367840215e+05 8.263801667549785634e+03 9.590569872093902086e+04
1.430855077737660577e+04 1.916940038927791175e+05 1.103479712311727923e+02 1.820061989934999729e+05 3.473197150784179485e+03 5.785489344395355874e+04 9.162927153619119781e+04 6.310439491668147093e+04 2.510246760571543928e+04 1.557078075272716815e+05
1.481384817734574899e+05 1.980833599130443181e+05 1.556401160923965217e+05 1.825021687712150742e+05 4.448268187203463458e+04 1.745510397130739875e+05 1.060941915234625048e+05 1.937441002318327664e+05 1.180544933356412366e+05 1.818462421597923385e+05
1.851728903952541878e+05 5.062689229717101261e+04 5.707759332905553310e+04 2.087766588779149606e+04 3.545306380574315699e+04 1.970977231223710696e+05 1.150094265089649707e+05 1.285024996247709641e+05 1.799136144531674508e+05 1.797350699318251864e+05
1.453043734670749400e+05 1.081124820719629497e+05 1.139741728624728421e+05 1.941670623818451422e+05 7.008378984069311991e+04 8.315296514997343183e+04 6.321657968021643319e+04 7.793877286933519645e+04 1.212599924249301985e+05 1.776055022483092907e+05
6.086620975803638430e+04 1.028952993223296653e+05 7.237186184731661342e+04 1.576607702174365986e+05 4.356118880542960687e+04 1.487149852488804609e+05 9.832966996795055456e+04 1.333918641148654278e+05 1.492962806796913501e+05 1.995779725391427055e+05
9.046088368080383225e+04 2.383047526856032346e+04 3.235380571153778419e+03 1.636571340666470060e+05 3.620398535100847948e+04 4.659919605978155596e+04 1.436141836315128021e+05 1.146779351539334020e+05 1.034955663504218974e+05 6.425125997639180423e+04
1.300087986498147657e+05 1.650026318876879523e+05 4.315747980019437819e+04 1.066187188166886917e+05 1.117927209544369362e+04 1.981946844274438045e+05 1.428800445044782537e+05 6.332037542153483810e+04 1.669796884890763977e+04 5.523320318097537529e+04
1.017596899394461943e+05 1.998558357897342648e+05 5.730798679490236827e+04 1.219407869057259668e+05 1.917717797905125772e+05 3.717436189424612530e+04 5.288655956726535806e+04 2.119849575748682400e+04 5.701619082865192468e+04 8.567401699667109642e+04
4.063487924195692176e+04 1.679816976236365736e+05 5.274187418213827186e+04 2.355118162636174020e+04 4.824553930555908300e+04 2.266756674445429235e+04 4.662277903446514392e+04 1.235743643293621135e+05 7.621395135270287574e+04 2.953419334252798217e+04
8.694190450372909254e+04 1.087372398287861870e+05 8.655976491230867396e+04 3.741215344761894812e+04 1.802294614320991386e+05 1.015480393484959059e+05 4.196091344884695718e+04 1.503442856195309432e+05 1.730991910853440058e+05 2.688359890686442668e+04
1.217764229954653129e+05 3.103119215767964488e+04 1.814079930075934390e+05 1.058464320971410343e+05 1.310969944934789673e+05 1.190856668147122255e+05 1.545066108192139154e+03 1.627371259055554401e+05 1.348107365638299088e+05 1.531481155471645179e+05
5.169925975783491594e+04 9.317022198331578693e+04 4.635325885273708991e+04 1.717700165431737842e+05 1.130553877592685603e+05 1.635217235338729224e+05 5.941169070085392741e+04 1.264634438820386276e+05 2.981745445311265576e+04 1.783600345138450211e+05
1.831445118519577081e+05 1.114646034648524801e+05 5.730718383434827410e+04 1.851698274144077150e+05 4.283366556533192488e+04 1.725253577932638000e+05 7.946763659472984727e+04 8.081662007362977420e+03 1.222693506516362395e+05 7.060811122392442485e+04
1.570066275654928904e+04 1.852351622086190328e+05 4.001782071168409311e+04 1.694814623690750741e+05 7.086319135285749508e+04 4.562800914590219327e+04 1.789571180171614978e+05 5.071663736080363014e+04 1.469433032004660636e+05 1.966313812013691058e+05
1.791746518394718878e+05 5.446729466556907573e+04 5.377854280437272973e+04 1.085091029981378670e+05 1.630958204409452737e+05 1.686105156533363624e+05 9.620672479575322359e+04 7.868644389518774915e+03 8.937398280334001174e+04 1.078085767892192525e+05
1.518730738790404866e+05 9.812917809961295279e+04 1.330919717533595976e+05 3.500451944925939461e+04 4.390986587330431939e+04 1.797032164945675468e+05 1.559251969935549714e+05 1.485212455325775081e+05 8.087761200311827452e+03 5.773303262554483081e+04
6.112444828914313985e+04 1.590705618343543611e+05 6.874495276890174136e+04 1.306799608552171558e+05 9.098377151857790886e+04 8.799026855832306319e+04 1.367212893304117024e+05 6.543030749962941627e+03 1.254912949072550837e+05 1.738516277686740796e+05
1.440643776006933185e+05 4.701693118085208698e+04 7.555296175220946316e+04 1.092809309732571564e+05 2.139031575027483632e+04 2.111747159369061774e+04 9.275102999907065532e+04 1.219348135835396824e+05 2.010172742500282538e+03 1.493040482598957897e+05
1.618408331390893145e+05 1.316617326720742276e+05 1.441645721744325128e+05 1.804480071220345562e+05 1.167239748440908443e+05 1.892191048555234156e+05 1.331431481877978076e+05 6.997553770738378807e+04 7.130830510832839354e+04 1.410779777860446484e+05
8.606040822040267813e+04 4.576348466110158188e+04 1.918007786477467016e+04 5.812622611287701147e+04 1.078043036732270411e+05 2.612811017017138147e+04 1.453910506733203656e+05 8.678713121453598433e+04 1.019984106806700001e+05 6.224909552202517807e+04
1.552498326546438620e+05 1.224863606971999106e+05 4.572847129108557419e+04 1.194128400483572186e+05 9.621040248517917644e+04 4.354303792804483965e+04 9.385580280512766331e+04 5.760249796501697710e+04 4.173620315597095032e+04 5.744796704862291517e+04
1.216783864478940814e+05 6.781770815783552825e+04 1.240307449576995859e+05 3.345326676253135247e+03 1.753127188553237065e+05 5.250038357710118362e+03 1.672566130843629362e+05 1.929188495605398493e+05 4.869432128487826958e+03 1.357710905090741580e+05
1.873248260191021254e+05 6.288661118801341945e+04 1.450307265951278969e+05 1.891096973466258496e+05 1.907521530546740978e+05 1.747450272631485132e+05 1.622691923103849986e+05 8.085431716374700773e+04 1.102796824398328172e+05 1.165413903595709562e+05
1.707457687508628878e+05 4.399982272332858702e+04 5.289114384188842087e+04 2.620316960986288541e+04 1.080402933566982538e+05 9.874609789317438845e+04 5.424249221215111902e+04 1.259588199254952997e+04 9.515921132550215407e+04 1.842914456882810337e+05
9.344187667936236539e+04 1.804462504442689533e+05 2.039194837343647305e+04 1.399680874739444407e+05 1.973485208732233150e+05 3.006642875732887842e+04 8.680125174300225626e+04 1.852447614582972019e+05 1.691300080104911758e+05 5.922157678416182171e+04
1.719927972399666323e+05 7.003243696342091425e+04 2.677202595222798482e+04 5.416437495072128513e+04 1.383632742139780021e+05 8.262230784724786645e+04 1.905187719066396676e+04 6.216968035466586116e+03 1.748616910774281132e+04 1.842764028637135925e+04
8.566051267323488719e+04 1.647332040909170464e+05 3.246147648625135116e+04 5.163962753935427463e+04 1.162964735911696625e+05 1.116940443978097901e+05 1.779920743479215307e+05 1.758569355176074314e+05 2.792197956908728520e+04 1.796526453058507759e+05
2.370019337513298160e+04 7.245253413424808241e+04 1.598491504398390534e+05 3.365732570444910380e+04 1.720100694383120572e+05 3.955103609652501473e+04 1.823775387355544663e+05 1.723836015719577845e+05 6.685739291777095059e+04 1.831023761378691779e+04
7.589598036709625740e+04 1.160302846770548931e+05 4.791789336892528809e+04 1.108618031086517003e+05 4.646218636035901727e+04 1.673484906620625770e+04 3.299614347347423609e+04 1.281761153271912190e+05 4.782349524861764075e+04 9.932113274173191166e+04
5.693308852701073192e+04 5.246432327203374007e+04 8.714382646555198880e+04 1.314370867264417466e+05 1.261545127299655142e+05 1.401528363872589835e+05 2.097780343337110025e+04 1.899065601793114329e+05 7.173122203242851538e+04 1.646961667427811481e+05
3.671469292799001323e+03 8.231832600961197750e+04 9.034357047093680012e+04 1.986247415754950198e+05 1.317063568881903193e+05 8.653026837473316118e+04 1.816366694775047945e+05 1.296253740208141971e+04 8.287937733459916490e+04 5.828419334505250299e+04
1.755005712184621952e+05 1.691689695725545462e+05 9.915991389806651569e+04 4.474939946873266308e+04 1.556288845049433294e+05 1.766241676107933163e+05 1.777462835702819575e+05 4.247570815216210758e+04 6.633402068300545216e+04 1.119132622788650042e+04
7.156169105937841232e+04 2.750778667156077427e+04 8.281869872175333148e+04 2.505293580928622396e+04 1.485184684744118713e+05 4.332532971334779177e+03 1.232053804547366053e+04 5.426644961953026359e+04 2.459846887747243454e+04 2.710398843516632769e+04
2.815264001219075453e+03 2.280270042599830049e+04 4.270989588007114799e+04 1.941115342281048361e+05 9.435249894837375905e+04 8.634269471034072922e+04 3.554246761502901791e+04 8.664478009313181246e+03 3.975647448168721894e+04 3.869886645894144749e+04
1.831461710471820843e+05 1.010794823802362953e+05 1.981469097625665381e+04 4.222953197515240026e+04 1.650987309380780207e+05 2.249311666812610201e+04 1.270216038172189001e+05 1.367556653873926844e+05 1.670005111187386792e+05 1.757703414717613487e+05
1.747494151737503998e+05 1.008124442881878931e+05 1.210023002475397952e+05 6.781559239349512791e+04 1.233889203707124543e+05 8.440093910664870054e+04 1.140191115630628192e+05 1.115729490215676051e+05 1.618345427055797481e+05 1.335467250221538998e+05
3.510113100951277738e+04 1.952641408981041168e+05 1.438028782451288425e+05 8.352557666749744385e+04 1.470562007442561735e+05 4.120805156920311128e+04 9.652970321292305016e+04 4.471909842090520397e+04 1.194208909950034104e+04 3.171697583492529884e+04
1.477095646995798452e+05 1.301444940950152522e+05 1.420284185055842318e+04 1.548490909603782056e+05 1.026884465086702403e+05 9.817031612038315507e+04 5.564745741509625077e+03 3.744142817919968365e+04 2.339597451665653716e+04 1.947459449016913713e+05
1.345946617742599046e+05 1.022418927056755347e+05 1.700733218496998015e+05 1.446799331860943348e+05 1.654089676852342673e+05 1.012786737846049509e+05 1.193005025251807238e+05 8.538281702477567887e+04 7.870103212999281823e+04 1.783678873744786542e+05
1.146120557129638182e+05 2.652188359608828978e+04 1.265975415611437347e+05 1.423491695871744305e+05 6.785038814801271656e+04 1.047719400078024773e+05 8.812199972700618673e+03 1.714677947155451693e+05 5.707225897768151481e+04 1.156792282281385269e+05
1.597238113239546656e+05 1.095295484863796264e+04 9.767868043838416634e+04 8.075480250197315763e+04 1.152301895322414930e+05 1.352776924344967301e+04 1.369683443593614793e+05 3.799095811637225415e+04 4.287951548976656341e+04 1.754988432759731950e+05
8.529804370995244244e+04 1.769576225037987460e+05 7.522857306275048177e+04 1.603167511814198515e+05 1.292731785357030312e+05 1.977871017685630795e+04 1.893990074129034183e+05 1.364482828581457143e+05 3.809511088005674537e+04 1.801423769720840501e+05
3.218068217295089198e+03 1.255027998826913681e+05 1.718733548489150126e+05 8.476221350399313087e+04 1.428395877006374358e+05 1.462336902440284903e+05 2.943828605391647216e+04 1.864837745590004488e+04 7.344571045357186813e+04 1.749348889601469637e+04
1.430530332420963387e+05 3.623353070930508693e+04 1.947131762889323873e+05 1.033307688234154048e+05 8.302274600484162511e+04 5.908065573422529269e+04 1.514094061559773108e+05 3.274235962185201424e+04 1.719706577347947750e+05 1.926560915422393591e+05
1.301027848718819587e+05 1.227387689190902747e+05 5.559912869317324657e+04 2.264103252486628844e+04 1.478077727858839808e+03 2.512979914618840121e+04 7.922075633302422648e+04 8.466927335669161039e+03 1.060469020971636346e+05 6.198404162922794785e+04
2.649951437805222304e+04 9.612947599806646758e+04 1.468273688390029383e+04 6.049742040237244510e+04 1.645881339294399659e+05 6.217288270978448963e+03 1.033561271271272126e+05 1.355399860956035554e+05 1.038330728601947485e+05 2.568360416949253704e+04
3.275198650455108873e+04 5.124434933887695661e+04 7.160225298756996926e+04 1.808726132202917652e+05 8.396444141760897764e+04 2.490370553901444168e+02 4.752470948430826684e+04 3.877696249292148423e+04 1.602553681013912719e+05 5.727810293617894058e+04
1.737893534208458150e+05 9.154505989747292188e+04 8.421553698376164539e+04 1.391513666706851218e+05 8.392648891093388374e+04 1.626017461349818041e+04 3.927791709074941173e+04 1.975138609501045430e+05 7.639846874554916576e+04 3.615060371974454370e+02
4.294458613777605206e+04 4.139481005302358972e+04 4.813761236266858032e+04 7.952898520723992260e+04 8.648352482498215977e+04 1.886030917308020580e+05 1.897845890257315768e+05 5.051596730147336348e+04 1.774943125723515695e+05 4.252913804217500001e+04
1.566050223419117683e+05 1.665434886848188762e+05 1.190712613481714507e+05 1.727334442990747339e+05 1.202022793274441210e+05 2.709669465793742711e+04 1.422747476500453777e+05 1.697931360163429927e+05 1.610911958934230788e+05 1.689782417023801827e+05
7.736096728013701795e+04 1.241536180196789428e+04 1.469467127201844123e+05 6.717355967546001193e+04 1.905281599894182873e+05 1.697332883818010450e+05 2.272496390550731303e+04 1.756037958452776656e+05 5.423467493597056091e+03 7.067573237431967573e+04
2.465879921524451856e+04 1.913130510687251808e+05 1.486146317435280653e+05 4.682037334717972408e+04 1.619961119340797013e+05 7.657476717504068802e+04 1.903513080033022852e+05 1.068328592417964828e+05 5.379144616885807045e+04 1.579880445742966840e+05
7.321287877975050651e+04 1.445833767915521166e+05 1.139431895233463292e+05 3.811051949316790706e+04 6.957915401838137768e+04 1.949696968431274290e+05 1.667514242760411580e+05 1.975495051014498167e+05 8.112687986082353746e+04 5.274088974820623662e+03
9.313893023296784668e+04 1.863885305019405205e+05 1.067810721914590540e+05 1.604174048284476157e+05 6.459298918804883579e+04 6.566706554904158111e+04 3.623092692783405073e+04 7.001270715610697152e+03 1.394402060573655181e+05 7.663666655658173840e+04
1.365683110113674484e+05 1.285328988205791575e+03 1.906933384410529980e+05 1.731256372325969278e+05 4.789056031105616421e+04 1.807461844184268557e+05 1.228795718665005406e+05 1.379271384282357758e+05 1.105794831780143431e+05 6.565054182486679929e+04
1.340092193693245354e+05 1.289625320050682203e+05 8.077669002235005610e+04 1.871756824392623093e+05 6.680852414316080103e+04 1.308390737977284298e+05 9.216931235179070791e+04 1.854555497363971372e+05 4.301313582877141744e+04 3.572127149616079987e+04
7.171642603395460173e+04 4.165467104173701227e+04 1.352167821939427231e+05 3.225897853469128677e+04 1.601926930078254954e+05 5.289630777148420020e+04 1.229584148508499929e+05 1.209013622161137610e+05 1.639716941451114835e+05 8.538354300487734145e+04
1.100203172912592709e+05 1.668052568671811314e+05 5.745524691376327246e+04 1.545855938404993503e+05 1.125445531260851130e+05 1.564854479982036573e+05 1.036786980172423864e+04 1.834151445633597323e+05 4.000170456291061419e+04 1.993842754658323247e+05
8.911356544248256250e+04 1.380481993049401790e+05 1.608667046812738117e+05 1.692553260471987305e+05 1.068985973070404289e+05 2.619535542628117400e+04 2.050990771520688941e+04 1.002721934590761375e+05 1.508002027395104815e+05 9.527478225392835157e+04
1.697528727070904861e+05 3.520913930811833416e+04 6.520916131421073260e+03 3.991968464637109719e+04 1.082697990355943039e+05 1.693084758507680963e+05 4.770882443393454196e+03 1.160377464972555317e+05 8.144889371129160281e+03 1.685644576175952097e+05
2.062681522715381561e+02 1.954746865263633081e+05 7.490690385436102224e+04 1.704888491508868174e+05 6.675193257431236270e+04 1.878589939005008782e+05 1.792499982856464339e+05 6.620248540647495247e+04 1.475703964569594827e+05 4.175610591308549192e+04
1.553957167082598025e+05 1.752133859927103185e+04 1.668502982344874472e+05 1.862575514778436918e+05 1.783432554609952203e+05 1.739071021239180118e+05 1.564695627582680318e+05 7.956518244719102222e+04 1.879706708519260865e+05 1.219329296031960548e+05
1.400666837007008435e+05 1.475910196538545133e+05 1.279622515202586364e+05 8.082936219574967981e+04 1.164722124530349247e+05 1.747461689157490910e+05 1.827000226510647044e+05 1.257160135762844729e+05 7.946840663488785503e+04 2.331849207956122700e+04
3.324723715907382575e+04 1.644715861476356804e+05 9.247000498086694279e+04 3.721534500446252787e+04 1.425170960957387069e+04 1.574886434571921418e+05 8.331028849934021127e+04 4.860824154165612708e+04 1.085800340982882626e+05 3.927164273311667057e+04
7.296588825554521463e+04 1.180457682382149942e+05 1.543549226718798991e+03 7.111483194988836476e+04 1.012500377566212410e+05 1.257000853746367502e+05 2.671872620484152503e+04 1.283686068806020339e+05 7.673878017949553032e+04 6.527969581660237600e+04
1.474018628857391595e+05 9.751972323121270165e+04 9.084109932236924942e+04 6.146246157236190629e+04 1.172402686811577769e+04 8.884505436549088336e+04 1.353297114004228206e+04 8.505974284857638122e+04 1.781694634414491593e+05 1.881201204437768029e+05
2.663860975351690649e+04 3.921475841198929265e+04 1.920680683307029249e+05 1.929769370441838400e+05 1.392189767487731588e+05 1.194318994611255184e+05 1.782754579364462406e+05 9.589903774333473120e+04 1.713940336337681802e+05 1.117530389511149842e+05
1.638299910008779552e+05 9.372662454138498288e+04 1.502733441493411083e+05 5.329004614277686051e+04 2.489481058262328224e+04 1.024059742416055960e+05 1.039111496194650827e+05 7.672517902006627992e+04 1.712522261828847404e+05 1.670677280177712673e+05
8.149332302260710276e+04 9.803120386759513349e+04 6.412190776339945296e+04 1.722066035677338368e+05 3.716373885267458536e+04 1.462048285287947219e+05 4.900285861413755811e+03 4.088962539453093632e+04 9.941015080332337675e+03 3.754281803322123596e+04
8.050163005116266140e+04 3.667390954127001169e+04 6.884978373702341923e+04 2.196458786019171021e+04 1.650317707123802757e+04 1.284159209344552801e+05 7.519688286681348109e+04 2.840442772187761148e+04 7.330091252367054722e+02 1.411922686148324283e+05
1.911674952730089717e+05 8.341086072150718246e+04 6.109393403183085320e+04 2.316242806543260667e+04 1.177258504880753753e+04 7.806193022858351469e+04 1.503860925630300480e+05 9.901987372434086865e+04 2.720007027448645385e+04 1.127809959624295589e+05
4.028783407226632789e+03 6.373756221729028039e+04 1.803590526173865073e+05 4.591056450123631657e+04 1.309752569864922407e+05 1.225187204831434501e+05 1.914849785467410111e+05 1.161502146607107306e+03 1.695173850598590216e+05 3.608780356507113174e+04
1.290157343691941642e+05 2.943663437951122978e+04 1.846144982775631943e+05 1.007482983505165466e+05 5.833098230209312896e+04 3.489016217340261937e+04 6.508685254851265256e+01 1.101979758082116459e+05 1.896129106481213239e+05 1.291228997552259534e+05
1.782825483843845723e+05 6.794893381642777240e+04 7.325486254151571484e+04 6.196505989637743914e+04 5.397011026380325347e+04 7.901275451871048426e+04 7.046648464594328834e+04 9.310163266352482606e+04 1.020561477086517261e+05 9.578534153228746436e+04
5.799171984085822623e+04 2.563908517887791822e+04 1.271457750954185321e+05 1.312606048738693644e+05 9.901625710909943155e+04 5.677257520166971517e+04 1.847667392742423108e+05 1.798408284819185210e+05 1.948969413010520511e+05 1.674051974763677863e+05
2.331860520472544158e+04 1.096819463455372752e+05 1.020496042612100864e+05 1.300611990068463783e+05 8.113735729686160630e+04 2.173755126298255709e+04 7.949318848235315818e+04 1.112767199364628177e+05 1.424936419284399381e+04 1.528585889709111070e+05
1.405645433492010052e+05 1.100827071117315354e+05 1.901129180841078341e+05 1.060596833347919892e+04 7.100872506692734532e+03 1.638647759195732760e+03 2.955787263980969146e+04 9.910712100298746009e+03 1.473298152529204963e+05 1.403653193249204487e+05
1.155298244760530652e+05 1.624707808632082888e+05 1.020410346031817899e+05 3.785849748118282150e+04 1.469858981187309837e+05 1.595269518858711235e+05 8.428882890681324352e+04 6.322115035586259910e+04 1.116245982737185159e+03 4.065785269051194336e+04
1.121572404133327072e+05 1.520941537167837378e+05 1.510337054671990045e+05 9.457329430762625998e+04 1.522958436527017329e+05 8.583007715826247295e+04 7.140929596841249804e+03 5.827451502102259110e+04 1.781636023459254648e+05 2.907036432871865691e+04
8.168182672675576760e+04 1.313401050417633087e+05 1.877887220718205208e+05 1.056925712591093761e+05 1.839641453198809759e+05 5.507521547101743636e+04 5.773083652768476168e+04 1.929015361191259581e+05 1.140841989775727852e+05 6.254291543295489100e+04
1.803327746724601893e+05 7.292424594939383678e+04 1.274776273550927872e+05 1.569439835362792946e+05 1.431810442363451875e+05 8.396607789688559933e+03 2.752952082463799889e+04 1.773210855748151662e+05 8.688608795047453896e+04 1.340456091628090944e+05
1.087965815577088215e+05 1.754121904707554786e+05 4.768430112398233905e+04 7.212815199914695404e+04 8.386870796761126257e+03 1.248016395865242666e+05 1.260307119721042545e+04 1.207039368497243995e+05 1.172532265824318747e+05 1.433266110641589912e+05
1.642596906967697432e+05 1.883855362957709585e+05 1.248661813200730394e+05 1.506519835862417240e+05 6.788873754094791366e+04 1.732309928313982382e+05 1.212544068283625238e+05 1.082485873053102114e+05 9.147289872659809771e+04 1.260756102149079816e+05
7.669202730185398832e+04 1.962605124977107625e+05 1.623322708637448377e+05 7.065036507556779543e+04 1.147017611980303773e+05 3.225524468235867607e+04 7.622967639788203087e+03 9.653307456827156420e+04 1.178025128198974417e+05 1.675551925836637674e+05
1.197079695031999727e+05 1.770130490200343411e+04 6.265894489984396205e+04 8.189922995236322458e+04 1.217030027338456421e+05 1.565378137966233407e+04 1.017490692021009600e+05 1.388317939622866397e+05 4.040157885516566603e+04 2.176930707115312180e+04
1.166309303980569821e+05 1.233531519802001130e+05 1.372140845666280366e+05 9.422757113706626114e+04 1.773199824351327843e+05 1.222903058087607642e+05 1.921842724117057805e+05 1.890441164096515859e+05 1.000025071939905138e+04 7.517183001468794828e+04
1.528932316699975927e+05 1.580835885412121715e+05 2.828642116973327938e+04 1.634145734691337857e+05 2.230997017402600613e+04 1.340544737139048812e+04 7.996588553869994939e+04 1.808664797497690597e+05 2.417070973246717767e+04 1.934028341190063511e+05
4.424282810452396006e+03 1.474987595698323275e+05 3.639658894866921764e+04 1.576499064462071692e+05 1.089815358323620312e+05 7.524308329837108613e+04 1.548235070839499531e+05 1.832805046490260283e+05 1.603578130728417309e+05 1.240060720551213017e+05
6.935139492797685671e+04 8.392047545895658550e+04 1.600809530753789586e+05 1.721406570813094440e+05 4.021617465173712117e+04 1.126698081550366624e+05 6.508575511918497068e+04 1.722865744242824439e+05 5.331763885890148231e+04 1.340510547478507506e+05
1.593111083267482463e+05 3.868704500962858583e+04 1.787943346886103391e+05 1.407990382899481629e+05 7.102713191847216513e+04 2.974702874980204069e+04 6.281942299436955363e+04 9.282297118330422381e+04 4.289629700317807146e+04 1.729465232945749012e+05
8.363763071271123772e+04 1.914088267908822163e+05 1.979935926957106276e+05 1.436141387676383893e+05 3.788203888246812858e+04 1.453315796422609710e+05 8.315921897747547291e+02 1.030575180858787789e+05 2.063722335391937577e+03 8.049747007397827110e+04
1.361086365175036772e+05 2.575205063810122010e+04 5.984159800815995550e+04 9.813719121288351016e+04 7.993329748166198260e+04 7.236384284446430684e+04 1.541561282391631976e+05 2.792925392857157203e+04 9.418896933108447411e+04 1.622383145086464647e+05
1.175599493780858902e+05 1.305357241547093690e+04 1.805824685004380080e+04 1.074879714428188017e+05 4.257844676662085840e+04 1.563093843339783780e+05 1.018696229282606510e+05 4.426724309336860642e+03 4.556427245110787771e+04 1.665636264213178365e+05
7.100882003244032967e+04 6.694368035972131474e+04 1.896860430449291016e+05 1.213502511822849046e+05 7.176463481392574613e+04 1.649473580062253750e+05 1.674003614807681879e+04 1.258820855374681560e+05 1.932904830221628363e+05 2.591481442326481920e+04
1.838037725606726963e+04 4.249894489170864836e+04 3.485808226806497260e+04 5.367797018126536568e+04 8.975959859326378501e+04 1.564480298213110364e+05 1.845944039785444620e+05 2.946074122604927106e+04 1.032448891605315875e+05 1.068043535887028884e+04
1.324300965628389386e+05 1.675868454302129612e+04 8.652228674562920060e+04 1.488765241897648666e+05 1.499049809377489728e+05 1.117739374992238882e+05 1.892232446826397208e+05 1.826771830190313340e+05 1.385004866305143805e+05 1.019835999330438935e+05
1.327112660747773189e+05 8.397504652875289321e+04 1.753616840812734881e+04 1.511339452433560218e+05 1.821864904018896050e+05 1.184951399401334347e+05 5.743459349801094504e+03 5.560455646710871224e+04 1.629194947394449991e+04 8.889924724745468120e+04
5.985188439004201064e+04 9.229516130107335630e+04 1.770701725072615372e+05 1.346006169403235544e+05 1.368336713448570808e+05 9.773535425079669221e+04 9.043068979882246640e+04 7.301879417068010662e+04 7.591136121424622252e+04 9.361588153218843217e+04
1.450764550667180629e+04 1.062752292603091191e+05 1.053497181581455807e+05 8.440289307097306300e+04 7.479580510736703582e+04 7.968789197900536237e+04 1.313808203417012119e+05 3.324543120266152255e+04 1.463675011316132150e+05 1.045403247239440097e+05
1.853702997008190869e+04 9.078981783129691394e+03 3.209586867844569497e+04 8.096633901261596475e+04 6.249235320621899882e+04 5.669578615868611087e+04 1.952828577926860598e+05 3.415229860963558167e+04 1.551512758873210696e+05 1.138254062213362049e+05
5.179996264759023325e+04 1.267406457699560997e+05 1.549524529045798117e+05 1.960755234632288048e+05 1.139034205541665724e+05 1.334488454626624007e+05 8.125745644806705241e+04 2.268469402485679893e+04 1.860253784897642036e+05 9.623350184997207543e+04
9.382890892899886239e+04 1.548193544946921174e+05 1.374331532749711187e+05 1.934288412071198400e+05 1.010296175837551273e+05 9.196945830565063807e+04 5.394102923941135668e+04 5.912123837959115917e+04 8.928614219826128101e+04 6.708861009655048838e+04
1.850499628446080897e+05 1.265945863027505839e+05 1.678370606383080012e+05 2.141638390332562994e+04 1.931837148315944069e+05 4.648794331848091679e+04 1.441091477336002936e+04 2.760686400242655509e+04 1.504334464705327118e+05 1.710010695316734200e+05
1.900559073448426789e+05 1.157218797916043113e+05 1.802613993940564396e+05 1.539199766803079401e+05 9.754809729808288466e+03 6.588034058720560279e+04 7.686866567308634694e+04 1.728100338586903235e+05 3.520808906278456561e+04 3.264725757599063058e+02
4.493984952012229041e+04 1.949580722794042085e+05 5.841432337032397481e+04 8.582928764142698492e+04 8.749648284950472589e+04 1.096009838965206291e+04 1.213842136563267268e+05 3.016308267215799424e+04 1.009436070871445554e+04 1.737455373302700900e+04
1.280984893995636085e+05 1.265091520654566702e+05 1.357300083577322948e+05 1.804199591587178875e+05 4.803260971732928010e+04 6.459647737922915258e+04 1.924000517455278896e+05 1.466153885017441062e+05 1.262797407976736758e+04 1.331532807689232286e+05
8.180151092724152841e+04 4.276600144954580901e+04 1.586812021489311592e+05 7.890685296499397373e+04 1.343892072600110259e+04 7.677702447318677150e+04 1.665539970796323323e+05 7.962601277083549940e+04 8.691932796492954367e+04 1.019536327080148767e+05
1.074089291469949530e+05 4.428595049648853455e+04 5.012444405271001597e+04 1.070560300064200601e+04 1.252376369462440343e+05 8.226860422737326007e+04 1.374734938291428552e+05 7.671294316073384834e+03 8.044645799616498698e+04 9.827599470429493522e+04
8.013011499213523348e+04 2.355226212784866584e+04 1.791032881090360461e+05 1.738165002830357116e+05 1.214951593660367798e+05 6.954480136347474399e+03 1.452702006314374157e+05 5.601973939562121814e+03 6.941087825530342525e+04 1.849706312559733487e+04
4.758471590879646828e+04 1.149175480282050121e+05 7.854405017231378588e+04 7.878618873991780856e+04 3.866787561745044513e+04 1.835421914777817146e+05 1.445479797368117434e+05 7.831703372326516546e+04 1.568814052012314205e+05 3.576467334123460751e+04
4.206982401054903676e+03 1.843193918331883615e+05 7.588172150933652301e+04 9.662910036304761888e+04 1.075593149789142044e+05 1.933981972558722191e+05 2.702558547526700931e+04 4.938164993310940918e+04 5.444214412015906419e+04 1.388768244966565135e+03
1.734324320917897276e+05 4.416739647663980577e+03 1.886108639706603717e+05 2.360463641401180212e+04 5.726189135679000901e+04 4.651568410698456864e+04 1.423256014980183973e+05 2.218632590161502230e+04 1.614694698728536896e+05 1.157324703806995822e+05
1.910947785398202541e+05 7.123310544407433190e+04 8.139253833330528869e+04 8.326330549645223073e+03 6.134857610478789866e+04 5.744435342488512106e+04 1.112811084496341500e+05 1.483025403850279690e+05 1.332551535744286666e+05 5.506527158862513170e+04
4.482333001954630163e+04 3.072882465381318980e+04 1.658815817616739660e+05 1.318491965155938233e+05 1.707796062147066550e+04 4.672928087314387085e+03 7.870168591352604562e+04 3.501150007926334365e+04 1.285569417461828853e+05 6.879419394387346983e+04
7.853293282896609162e+04 1.491309128110177699e+05 1.064783950231060771e+04 7.141966902786534047e+04 1.469601358329057402e+05 1.415736490504730318e+05 9.922788637350965928e+02 1.113310003119417670e+05 4.035896392217090761e+04 5.776153448146896699e+04
7.384423754265109892e+04 9.990820517052494688e+04 1.709630324845011055e+05 8.254003261453630694e+04 6.106708271303935908e+04 1.290972563209642431e+04 1.727794687153969426e+05 3.777404587107637781e+04 1.326195872068080062e+05 9.029604263966108556e+04
1.100153639427378803e+05 4.982750902421207138e+04 3.052385197569982120e+04 1.871517507531144656e+05 1.544334433365699078e+05 8.635875826223498734e+04 8.842291839367675129e+04 1.708333626024335390e+05 5.135571568893155927e+04 3.727275894853263890e+04
1.010007804064788652e+05 5.867563240248143848e+04 1.737652163598125335e+05 1.038472311491587025e+05 1.588669457894164370e+05 1.285816846479980886e+05 1.320992546198217606e+05 5.360402316962975419e+03 9.937858811045726179e+04 1.948386960932740476e+05
3.563979653931703797e+04 5.895084846141313756e+04 8.962623463504128449e+04 1.574478009237727965e+05 1.861791065605571494e+05 1.960943729021408071e+05 4.935494890343470615e+04 1.123724130759583786e+05 1.729342710865213012e+05 1.473003503537006327e+05
1.600927829678193957e+05 1.477790354051518079e+04 8.113039649260604347e+04 4.610172455287160119e+04 9.219797527549442020e+04 1.464744780689455365e+04 1.333636879974565818e+05 9.336755044030513091e+04 1.540053059099690872e+05 1.261959000946588931e+05
1.852222463076686545e+05 1.199083176214784035e+05 1.313515507514092606e+05 6.550819073859068885e+04 1.433153782875636243e+05 7.845251293754526705e+04 1.477869772042263648e+05 1.542803493904650677e+05 7.796590905904525425e+04 1.433137715970179124e+05
1.074953713947424149e+04 1.652365291710318998e+05 8.216860569640915492e+04 3.529542233960643352e+04 4.559264358777934831e+04 2.283295159961389436e+04 1.832267332556379260e+05 1.915916099761118530e+05 1.919097856573916215e+05 4.920621506817160116e+04
4.644353791961908428e+04 8.849814990900686826e+04 1.991139434939478524e+05 8.647497984360938426e+04 1.829138146248808480e+05 1.027172938029930374e+05 1.099698703779543139e+05 1.618017821385922434e+05 1.563366289040042902e+05 1.044699692724344641e+04
5.356103650878059125e+04 1.306524005222019769e+05 1.673710664815409109e+05 1.717043896949813643e+05 1.172729245939915854e+05 1.228336783456154226e+05 2.744718557172221153e+03 1.236445879660447827e+05 1.999566935585706378e+05 1.705532370738229947e+05
2.835248033538384334e+04 5.685750426701918514e+03 2.425668633139594749e+04 9.787638229999145551e+04 5.254125044154545321e+04 1.481928465659980138e+05 3.635661838306902609e+03 1.713464845301413152e+05 5.483619836934283740e+03 9.937417729536730621e+04
5.227204431228753674e+04 7.208186021009707474e+04 1.042932780396162270e+05 1.287295479602422274e+05 1.019266480236885836e+05 7.465540065952502482e+04 1.479349617279435042e+05 1.560550381393482385e+05 1.845094386160252907e+05 1.960585169057662642e+04
5.979731559645553352e+04 9.725142255895624112e+04 1.423932009493556980e+05 1.903533253125610936e+05 1.079802390958195901e+05 1.732017355617169815e+05 5.886627664461705717e+04 3.470162209095553408e+04 7.700012907561361499e+04 7.998881727736501489e+04
4.786903966656177363e+04 1.978685788487202663e+05 1.411787982999210362e+05 1.793657724078526371e+05 1.060612860327045055e+05 1.205662707613721577e+05 7.775460506658226905e+02 1.497434386587489862e+05 6.096664850085900252e+04 7.067407003639769391e+04
1.082612215086406213e+05 1.728617987451352528e+05 9.397780240431579296e+04 1.324411145397306536e+05 1.901666123586812173e+05 4.433606156651850324e+04 1.427118651421655668e+05 1.109614732649678626e+05 5.762572634335587645e+04 1.369587369851650728e+05
3.293506277294120082e+04 1.960079152564485557e+05 1.975400191830756958e+05 7.446047778224613285e+04 1.828328537304449710e+05 7.238855251274572220e+04 1.911351895094583451e+05 4.699985097448333363e+03 1.866383000290349009e+05 1.637888552017597249e+05
1.574491834841071686e+05 1.180825380884611332e+04 1.113487625883173605e+05 5.621517556606603466e+04 1.177341483153275331e+05 1.102907443619433470e+05 1.332087545745699026e+05 9.357112966527313984e+04 1.737065946208327659e+05 1.057714586829842301e+05
8.111540236752638884e+04 6.412960246057397308e+04 1.554992470747592160e+05 6.550361543243412598e+04 1.767474087952682457e+05 1.287240528354220733e+05 1.497825181777816579e+04 8.441891851687124290e+04 1.788443180409623892e+05 1.914196557834886335e+04
1.810842276663854427e+05 1.216288486727386626e+05 8.551417815859045368e+04 1.630959984732911398e+05 4.083842923011973471e+04 1.743797950841072816e+04 1.133379096985222859e+05 1.394775737196682021e+05 1.429954922396230395e+05 8.560207741715661541e+04
1.585904390425391321e+05 6.820029983340614126e+04 4.229842902122826672e+03 5.066338375916048244e+04 1.349537187109959195e+05 1.779232558819590195e+05 9.946033737555748667e+04 1.738737949036353384e+05 9.220577798157601501e+04 1.619290596053345362e+05
1.518931467854301154e+05 5.668335395310106833e+04 1.132130884798767693e+04 4.653254778509840980e+04 2.766467307777094175e+04 5.356178521109496069e+04 6.041893544713679148e+04 7.070504935612289410e+04 8.208560872286179801e+04 7.723033852123184261e+03
1.649140134724920790e+05 1.162479144315594021e+05 1.079996697383473802e+05 1.295181378509886417e+04 8.000427225845555949e+04 5.010979132968500198e+04 1.128433549505037663e+05 7.992863729253878410e+04 1.487941874919591064e+05 7.702764600084820995e+04
1.824873584315717453e+05 1.975929632800545660e+05 1.558629022885121522e+05 1.152334973253826174e+05 1.957229180019340420e+05 1.002611952112293220e+05 1.339676926442299155e+05 1.952277520998037071e+05 1.589910369936490315e+05 1.660433358556101439e+03
7.806487613734095066e+04 2.119897032807150026e+03 5.639235816829353280e+04 1.396515521576251776e+05 1.433487877486150537e+05 1.567919760208622320e+05 4.250600093388179084e+04 1.641729498180893715e+05 1.969100021155601426e+05 4.276810931656520552e+04
9.416017470648374001e+04 1.332177804874780995e+05 1.669954395325570076e+05 6.035112799965012528e+04 9.428702174242799811e+04 9.419002850771864178e+04 1.020068996246549650e+05 4.412637905124376994e+04 1.026356232582174707e+05 3.661999089695453586e+04
1.420633025302703609e+05 1.738376075936052948e+05 1.656314321259073040e+05 6.604187849868215562e+04 1.701514075663856929e+05 4.088837102014490665e+04 5.428875599925762072e+04 7.339544959390243093e+03 6.477723230904937373e+04 1.087457582030635531e+05
1.103497397019544733e+05 1.951155196249941073e+05 6.309330288266752177e+04 1.952755918134690000e+04 1.304452922692684842e+04 7.949836089348154201e+04 1.714671269040473271e+05 9.862407071674610779e+04 7.218751841652033909e+04 6.500095265015739278e+04
1.643530365524395020e+05 1.349252153434516804e+05 1.981133104537501349e+05 1.761838072251398989e+05 1.991646319844248646e+05 9.836366794368282717e+04 1.549741313973428623e+05 4.038559753051540611e+03 3.572308991898642853e+04 9.139409012071622419e+04
6.292156443371725618e+04 2.913278123029112612e+04 5.940859241081830987e+03 1.814606237669991096e+05 1.960510152790189313e+05 1.706005143923112701e+04 3.542677840284878039e+04 1.641260854312237643e+05 9.262356517306808382e+04 5.976906745706945003e+03
1.285383804458398226e+05 1.176085392724796984e+05 1.018255678598043451e+05 1.654991325296760770e+05 1.798243593735600589e+05 8.990282305071796873e+04 1.149349854949757573e+05 1.101677591214109416e+05 4.517441930547416632e+03 6.239004155077321229e+03
1.177664665215133282e+05 9.281992563516330847e+04 5.360106783123659261e+04 1.604569615120015515e+05 8.190771013271118863e+04 3.405922404360833025e+04 5.030403062121690891e+04 4.921476527902104135e+04 8.251742171233615954e+04 1.342380404414321820e+05
1.559037458504395036e+05 2.687955248418896372e+04 1.166174911428119085e+05 1.748784707864163502e+05 1.514514681093411346e+05 1.231122656285322737e+05 3.829717540577118052e+04 1.778705235926592723e+05 5.411164949524125404e+04 1.585015949345632107e+05
1.942683294628724252e+04 1.344797765199108399e+05 9.566822656016891415e+04 8.926723887106076290e+04 7.289869392843868991e+04 5.298321336615452310e+03 1.995102021963052684e+05 1.286175078135887134e+03 6.032825328606546100e+04 4.436641883195455739e+04
8.404900739234377397e+04 1.033940912724329100e+05 9.136556015936401673e+04 1.582485185763564732e+04 6.263720089934530552e+04 1.733602878939346701e+05 1.886398451619149128e+05 1.347156656310369726e+05 7.623556680388514360e+04 1.322209101175081159e+05
1.123076596812330390e+05 7.474767821103167080e+04 8.189181932121148293e+02 1.914203187454539293e+05 1.671407087658036835e+04 8.620858755091877538e+04 2.552643147623290133e+04 6.876384969818008540e+04 1.089756948587326042e+04 1.135052917298018292e+04
2.131911292773887180e+04 1.637160889508089458e+05 1.830479512710695562e+05 1.546882842453808407e+05 1.269026320975142444e+05 1.500896949489014514e+04 1.329807324771948915e+05 1.765391361603245023e+05 1.654606141690411896e+05 1.483630740709115344e+05
1.109935601218377269e+05 1.896956266098812339e+05 2.972440340766024747e+03 1.957550107250578367e+04 7.687085120798277785e+04 1.327185182620511332e+05 1.255344102546291542e+05 5.852257390697006485e+04 1.802298467751399730e+05 2.593276692329153957e+04
7.464009578007622622e+04 3.179977170865904191e+04 1.455790944369438221e+05 9.163800975670282787e+04 5.818737856529874261e+04 1.700927417492148525e+05 5.400793225261919724e+04 3.882869406808038184e+04 1.237805749954682105e+05 2.639439847040596578e+04
8.096003263697326474e+03 6.902088459891735693e+04 7.617475169995335818e+03 1.860777587809083925e+05 1.045822430264936411e+05 5.478947823979023815e+04 1.884281017120714241e+05 1.095349057456223527e+05 1.715200275710574642e+05 5.291053993488068227e+04
1.312814227102739096e+05 1.647297681197000493e+05 2.687351042379075807e+04 8.108869013798693777e+04 6.557817084814896225e+04 1.328882936742937891e+05 1.119531721884500730e+05 1.088598892597766971e+05 8.734036857901315670e+04 1.173020657351954433e+05
1.094700026650693908e+05 8.484963882918421587e+04 7.530572766228394175e+04 3.337940472611047153e+04 1.640259299517357140e+05 1.722622028115019202e+05 8.523128272914414993e+03 1.628583389158619393e+05 1.647264372690736200e+05 1.644899416652384389e+05
9.033372143845366372e+04 6.049052091758302413e+04 1.309314049460006208e+05 3.805609149905955564e+04 1.651575799763408722e+05 1.900071238533169380e+05 5.090578531497094082e+04 1.779520503484542132e+05 1.331674047432430671e+05 8.031623330132231058e+04
2.370666360917994461e+04 1.892455087136604416e+05 4.614601684808681603e+04 2.509703124729794217e+04 4.556670276283520798e+04 4.493773142293320416e+04 4.089209820149293228e+04 1.438784435138017579e+05 7.553990343341595144e+04 1.123111607111727499e+05
1.203628908944504947e+05 1.310731996949274617e+05 1.114798717008815875e+05 7.574597206286413711e+04 1.251834311939135514e+05 1.949486830755900010e+05 1.744991829302276601e+05 6.980594135301157075e+04 1.772499475773586018e+05 3.187486587014167890e+04
1.062828389113901176e+04 2.152307205069319389e+04 1.151845606192823470e+05 1.685963098275194352e+05 1.036669032637194177e+05 1.107121142140756274e+05 3.225493192850485866e+04 1.069559060030946566e+05 4.779478585210132587e+04 1.127415973265816865e+05
4.167381420726625947e+04 1.805445222745426872e+05 3.243468071784549807e+02 1.197853836801443686e+05 1.468663160092307226e+04 2.666337696178373517e+04 1.717197022485506604e+05 1.043764103065396630e+05 1.806942069790868845e+05 1.795276488904208236e+05
8.698916721346029954e+04 5.992509078211081214e+04 9.493299850218932261e+04 5.043323111831501592e+04 1.830754657301906263e+05 4.746753594115527085e+04 9.929437726783860126e+04 8.953985831510832941e+04 1.699777997482401552e+05 1.872130694539265824e+05
1.723819281483461091e+05 5.538107374648881523e+04 1.011000488949400606e+05 1.711107254290266719e+05 3.811207534603267050e+03 1.902700405881070401e+04 4.341727120829201885e+04 3.585495651782601635e+04 3.652848186871624785e+04 1.492219314423246251e+05
9.905784945822072041e+04 8.146864247393197729e+04 6.413362416827277048e+04 7.211377193185601209e+04 1.927176983029444818e+05 1.279693235094944976e+05 6.659489415492281296e+03 8.425890467585908482e+04 2.297591427476619720e+04 1.513343946868841304e+05
1.389067764154659526e+05 1.975126713472079136e+05 1.068492486748451483e+05 1.725768919433756964e+05 2.078057640187718061e+04 4.297839469164011098e+04 9.558834665847901488e+04 3.429577809060762229e+04 3.450624735702329781e+04 9.230022039845204563e+04
1.845628671219140524e+05 4.802453538368081354e+04 1.962054089957914839e+05 1.634243012310703343e+05 1.934405432496986177e+05 1.235341319714382116e+05 1.479837597368702991e+05 9.168129571482932079e+04 1.804641891376041458e+05 4.195772701830651204e+04
7.068755861796620593e+04 1.711745552551402361e+05 6.541072915661909792e+04 1.339283804958003457e+05 1.698491109273182519e+05 7.515240246453580039e+04 9.308795762595256383e+04 3.738487361638842413e+04 1.879898459023898758e+05 3.887560390693382942e+04
8.448237201190173801e+04 1.017460772196713078e+05 1.053637934429405723e+05 7.631344483186365687e+04 1.074788273914618330e+05 1.865858804713736463e+05 2.321034850421490773e+04 1.358307549163266667e+05 1.293833126957135755e+04 5.554708273007808748e+04
1.397757574316122918e+05 1.393672926406348706e+05 1.019335816965494246e+03 7.101220306402631104e+04 6.442672347814418026e+04 1.003849967392364197e+05 1.041809088400478649e+05 1.220704004260556831e+05 9.094352606646063214e+04 1.896340681750732765e+05
5.629718379975057360e+03 1.960392750488624733e+05 6.638002941736204957e+04 1.896353814067046624e+05 8.816259294139449776e+04 1.178193352644298429e+05 1.376131975081928540e+05 8.862207374934510153e+04 8.222096246732919826e+04 1.502050748636480712e+05
1.173381477764930460e+05 1.259892534013737459e+05 1.432039549144745397e+05 1.778343055936438905e+05 1.298629137896669417e+05 4.791552327305035578e+04 6.521591345414407988e+04 1.251585703491269378e+05 6.170551398944028915e+04 6.662058927610368119e+04
3.751253873521238711e+04 2.584857004191676242e+04 3.520511773084471497e+04 3.550459670899950288e+04 1.363567000554848055e+05 1.942178135385823261e+05 1.712431691861930594e+05 5.754694527480970282e+04 1.834025875661377504e+05 4.334588791416895401e+04
5.361358958763304690e+04 1.686593029490581830e+05 7.224055861799500417e+04 2.693855904369364362e+04 3.709623666991213213e+03 3.657041321763450105e+04 1.705821208003492793e+05 4.987387217469226016e+04 5.979162242758817592e+04 1.919286656951990735e+05
1.833217726630688703e+05 1.056038812641782133e+05 1.862900274611756904e+05 6.487623779712303804e+04 3.697763575740640226e+04 7.612761712880924460e+04 1.749000599284532364e+05 8.996121048327317112e+04 2.109505685318586620e+04 5.025478863846995228e+04
7.341471372908570629e+04 7.737246735655065277e+04 1.664832055485837045e+05 8.965233108323467604e+03 5.201411874106192408e+04 3.483743464851178578e+04 1.433581600296343095e+04 1.929339019816093205e+05 2.545283176287083188e+04 4.740427451253284380e+04
1.104136467112843675e+05 1.523456697834160004e+05 9.478248245539999334e+04 1.351739972535483248e+05 4.780076046147805027e+04 1.528968888822575391e+05 1.617145176691335218e+05 1.809742309823631367e+05 1.305867825966798555e+05 1.617189763432395412e+05
1.352197053382042795e+05 1.666065193200864305e+05 1.177749502086213033e+05 5.925848763213823258e+04 1.998334477118349751e+05 5.755186370260321564e+04 1.369805694026068668e+05 3.254768065028352794e+04 7.828025761136676010e+04 1.329589755156912142e+05
1.774169113032184541e+05 1.099423901068902487e+05 6.555066437786814640e+04 1.985048195310312735e+02 5.475794569999042142e+04 3.768000063184073952e+04 1.342292315729563124e+05 6.977233140389288019e+04 1.298379416056464543e+05 6.811415736631116306e+04
2.449243967107783828e+04 3.362620840685126495e+03 7.360410584731545532e+04 8.450723249663211755e+04 4.773141507536282734e+04 2.052605378177931925e+04 1.356593273359847444e+04 7.017551766541109828e+04 8.054361307788746490e+04 1.290650865618807002e+05
8.416754586482641753e+04 2.517876469534547869e+04 2.116990249193635464e+04 7.855723925464217609e+04 5.970656233102455735e+04 3.111111420539998289e+04 1.437174155042551865e+05 1.215459732463617111e+05 1.938383456429381040e+05 1.549385211767986766e+05
1.873111319009588042e+05 1.210758658028184873e+05 1.372969824904615525e+05 1.080255245513670961e+05 3.104275109096226151e+04 3.885266885401428590e+04 4.756705166096948233e+04 6.177779002581613895e+04 1.357557695147262421e+05 1.114574664879719057e+05
6.414453498782994575e+04 1.537425941142095544e+05 1.218617634185867937e+05 7.927812414985912619e+04 1.836875849410046649e+05 1.717007968881806300e+05 3.121055843187647770e+04 3.196627062914301132e+04 8.150618589375242300e+04 4.864694030218759144e+04
1.723302060334692069e+05 1.403823967161031323e+05 1.123526113687047764e+05 6.268644562708027661e+04 1.811335710749192804e+05 1.747922239320022345e+05 1.286738795325967840e+04 2.744974049564099550e+04 2.119538336226702813e+04 1.162699819119957538e+05
1.533027178128107334e+05 7.029053771794715431e+04 1.985499999034502252e+05 1.901283123588943636e+04 1.387685915001934627e+05 9.642420777266133518e+04 1.548248178850286640e+05 6.686295618778337666e+04 1.240558322574001249e+04 1.901854850153010630e+05
2.675903592653839041e+03 9.773915726994975557e+03 1.586612287206446344e+05 1.450942241444427054e+05 3.056265164994593943e+04 1.551346952583984530e+05 1.902735513524106354e+05 4.889375315189825778e+04 6.691873063890481717e+04 1.846084899657749629e+05
8.082009810025359002e+03 8.430172828202639357e+04 9.661773073171039869e+04 8.417076315832165710e+04 3.405882864041358698e+04 7.666726107315531408e+04 2.353052409437239476e+04 1.289143760898259206e+05 4.603081130072268570e+04 1.051323705931648292e+05
1.013253613621329714e+05 3.631400365739150584e+04 9.812952593489443825e+04 5.614333387196710828e+04 1.036065932818418514e+05 1.796487093537619803e+05 1.200479529387841176e+05 1.698100504546646262e+05 3.384268376386658929e+04 1.843773247430924312e+04
4.818636420422373340e+04 5.574658323802555242e+04 1.831944223824508954e+05 7.182400450736467610e+04 3.666331051120624034e+04 1.847694129790915176e+05 1.127803265896123485e+05 1.661028697601103340e+04 6.668964278252693475e+04 1.866280527272399049e+05
1.548272513100535143e+05 1.840062531085768424e+05 1.628481219208057446e+05 1.215008778535156016e+05 1.547599263150558982e+05 1.106933424419800576e+05 2.379378623062322731e+04 1.866005415706253552e+05 1.072937356406973231e+04 1.476393808492827229e+05
3.826530854016359081e+04 1.883956166724273644e+05 1.543773513506761519e+05 3.644734246007486036e+03 7.335363117031729780e+04 1.526903233324637404e+05 7.123791482131682278e+04 1.780096823333903740e+05 1.162988521891520795e+05 9.388502141998114530e+04
1.549698859694636485e+05 1.217826621180627262e+05 5.949747006194776623e+04 1.747194155820200685e+05 3.896186489236317720e+04 1.224032855891993531e+05 1.383213987112944014e+05 8.887290741776351933e+04 6.186566259174435254e+04 1.533281489748742024e+05
